 KOMONDOR SIMULATION 'sim_input_nodes_sce2a_deployment_00.csv' (seed 1992)
{186.55,2.61,16.44,26.50,24.96,28.42,2.84,25.57,23.73,35.48,343.99,46.16,30.11,40.01,42.09,37.86,32.56,46.54,45.00,23.65,148.15,0.38,21.58,18.05,11.75,40.17,32.26,23.96,126.49,9.37,4.92,27.49,22.35,2.76,5.99,0.54,28.34,24.73,111.44,24.50,13.13,26.88,8.91,4.38,21.43,8.99,3.23,119.04,27.80,37.09,25.73,16.67,5.61,6.14,136.78,56.52,5.22,12.75,13.06,49.23,141.85,4.30,22.96,3.84,12.90,8.22,28.57,7.99,28.80,24.27}
{0.86,1.67,3.95,3.52,3.32,2.79,1.23,0.25}
{Inf,-68.27,-70.68,-66.51,-60.24,-65.78,-68.93,-56.46,-65.53,-55.79,Inf,-57.37,-62.26,-53.91,-63.13,-64.93,-66.54,-48.73,-60.50,-69.24,Inf,-71.09,-68.60,-65.35,-70.37,-58.88,-59.35,-63.50,Inf,-67.40,-66.73,-61.23,-61.32,-71.30,-66.86,-71.17,-62.63,-61.21,Inf,-64.39,-65.43,-61.73,-69.76,-69.00,-62.98,-67.92,-70.46,Inf,-65.06,-55.26,-64.11,-65.19,-70.79,-66.68,Inf,-55.53,-70.60,-66.88,-68.92,-68.16,Inf,-70.03,-66.85,-70.28,-68.23,-66.04,-66.51,-69.09,-54.52,-66.98}
{Inf,-96.69,-85.36,-103.00,-106.97,-116.67,-126.00,-132.46;
-96.69,Inf,-103.00,-85.36,-116.67,-106.97,-132.46,-126.00;
-85.36,-103.00,Inf,-96.69,-85.36,-103.00,-106.97,-116.67;
-103.00,-85.36,-96.69,Inf,-103.00,-85.36,-116.67,-106.97;
-106.97,-116.67,-85.36,-103.00,Inf,-96.69,-85.36,-103.00;
-116.67,-106.97,-103.00,-85.36,-96.69,Inf,-103.00,-85.36;
-126.00,-132.46,-106.97,-116.67,-85.36,-103.00,Inf,-96.69;
-132.46,-126.00,-116.67,-106.97,-103.00,-85.36,-96.69,Inf}
 KOMONDOR SIMULATION 'sim_input_nodes_sce2a_deployment_01.csv' (seed 1992)
{196.53,35.79,31.72,37.25,36.25,38.78,3.76,3.61,9.37,251.75,11.37,35.10,38.78,38.32,37.17,23.88,21.58,38.09,7.45,127.87,4.30,14.28,8.06,14.52,6.14,25.57,0.31,23.88,6.07,24.73,137.47,39.94,23.73,2.46,8.22,8.29,11.98,42.85,63.28,0.77,2.38,28.88,4.76,7.68,4.99,5.22,8.60,146.15,20.51,27.34,15.13,12.29,5.61,24.81,35.94,4.53,209.82,31.49,31.49,30.41,37.63,39.71,21.89,17.20,127.18,17.13,4.07,24.81,12.44,25.65,25.04,4.07,3.92,4.30,5.76}
{2.68,4.63,3.19,3.21,1.97,2.95,0.00,1.58}
{Inf,-56.29,-67.67,-59.10,-60.79,-58.91,-68.33,-70.65,-66.24,Inf,-70.09,-54.64,-52.95,-58.06,-49.06,-65.85,-66.85,-65.26,-68.79,Inf,-71.05,-65.18,-65.72,-66.42,-68.08,-48.30,-71.41,-56.94,-70.19,-60.50,Inf,-57.82,-63.37,-66.29,-68.01,-68.95,-65.77,-62.12,Inf,-70.63,-70.52,-55.17,-70.97,-69.58,-70.95,-69.04,-66.63,Inf,-62.63,-63.22,-65.87,-68.44,-67.69,-63.48,-57.52,-71.39,Inf,-68.21,-67.92,-67.50,-69.50,-70.05,-69.87,-66.74,Inf,-58.04,-67.71,-70.21,-69.51,-60.52,-61.65,-67.52,-68.55,-70.65,-69.93}
{Inf,-96.69,-85.36,-103.00,-106.97,-116.67,-126.00,-132.46;
-96.69,Inf,-103.00,-85.36,-116.67,-106.97,-132.46,-126.00;
-85.36,-103.00,Inf,-96.69,-85.36,-103.00,-106.97,-116.67;
-103.00,-85.36,-96.69,Inf,-103.00,-85.36,-116.67,-106.97;
-106.97,-116.67,-85.36,-103.00,Inf,-96.69,-85.36,-103.00;
-116.67,-106.97,-103.00,-85.36,-96.69,Inf,-103.00,-85.36;
-126.00,-132.46,-106.97,-116.67,-85.36,-103.00,Inf,-96.69;
-132.46,-126.00,-116.67,-106.97,-103.00,-85.36,-96.69,Inf}
 KOMONDOR SIMULATION 'sim_input_nodes_sce2a_deployment_02.csv' (seed 1992)
{217.04,31.03,29.57,29.88,29.95,18.43,6.22,14.21,24.12,1.69,31.95,139.39,45.08,54.53,23.12,10.68,5.99,162.20,5.30,31.26,27.88,29.57,24.12,5.61,37.63,0.84,170.11,22.35,44.47,28.34,50.46,24.50,140.85,10.52,19.74,3.30,21.43,32.64,2.61,22.04,21.50,7.07,88.93,4.76,13.82,5.76,3.99,2.69,4.84,11.29,23.50,18.28,245.68,5.84,51.92,52.61,50.00,31.64,53.68,173.49,37.32,4.99,1.69,9.52,26.11,15.13,37.56,41.16}
{0.00,0.64,4.65,2.79,3.47,1.09,1.21,0.82}
{Inf,-60.72,-65.01,-58.83,-65.17,-63.36,-70.52,-70.18,-67.57,-70.11,-55.77,Inf,-70.40,-57.09,-69.24,-66.76,-70.25,Inf,-69.11,-57.24,-62.29,-63.26,-64.28,-68.38,-58.91,-71.38,Inf,-67.95,-60.69,-66.54,-61.14,-67.08,Inf,-67.23,-64.43,-69.20,-61.88,-57.94,-70.92,-63.19,-63.31,-68.67,Inf,-66.61,-64.94,-67.42,-67.46,-70.90,-65.42,-67.96,-63.78,-67.74,Inf,-69.59,-68.46,-61.70,-64.03,-64.26,-65.74,Inf,-60.14,-68.59,-70.70,-68.83,-57.62,-67.75,-59.90,-66.22}
{Inf,-96.69,-85.36,-103.00,-106.97,-116.67,-126.00,-132.46;
-96.69,Inf,-103.00,-85.36,-116.67,-106.97,-132.46,-126.00;
-85.36,-103.00,Inf,-96.69,-85.36,-103.00,-106.97,-116.67;
-103.00,-85.36,-96.69,Inf,-103.00,-85.36,-116.67,-106.97;
-106.97,-116.67,-85.36,-103.00,Inf,-96.69,-85.36,-103.00;
-116.67,-106.97,-103.00,-85.36,-96.69,Inf,-103.00,-85.36;
-126.00,-132.46,-106.97,-116.67,-85.36,-103.00,Inf,-96.69;
-132.46,-126.00,-116.67,-106.97,-103.00,-85.36,-96.69,Inf}
 KOMONDOR SIMULATION 'sim_input_nodes_sce2a_deployment_03.csv' (seed 1992)
{176.33,36.56,8.37,24.35,9.52,35.33,25.96,5.45,30.80,223.33,56.91,6.22,59.14,56.68,13.52,30.87,78.26,5.99,13.44,4.61,4.07,0.46,3.76,3.30,23.50,19.12,141.16,20.81,30.11,49.00,23.88,5.84,11.52,173.26,38.48,38.32,3.69,3.92,32.64,27.34,28.88,167.35,22.96,4.38,3.84,25.57,28.03,16.13,25.50,2.53,18.36,20.04,255.59,46.46,59.75,66.28,27.57,55.53,146.15,17.82,4.30,5.07,28.49,5.15,3.69,16.13,13.21,21.89,30.41}
{0.90,5.15,1.12,4.59,2.30,1.37,2.18,1.24}
{Inf,-57.28,-68.67,-63.60,-70.20,-55.56,-65.06,-70.57,-70.01,Inf,-61.41,-69.18,-61.81,-46.77,-69.22,-63.49,Inf,-66.03,-64.50,-69.46,-66.15,-71.33,-69.09,-70.93,-62.52,-65.39,Inf,-63.87,-63.79,-57.36,-65.31,-69.03,-67.43,Inf,-61.36,-51.23,-67.90,-70.48,-66.33,-62.83,-66.80,Inf,-64.47,-68.56,-67.77,-63.50,-57.04,-63.91,-61.88,-70.65,-62.87,-62.42,Inf,-65.13,-63.45,-66.04,-67.39,-61.30,Inf,-63.28,-67.63,-70.90,-52.60,-68.73,-67.66,-68.43,-68.46,-64.93,-67.79}
{Inf,-96.69,-85.36,-103.00,-106.97,-116.67,-126.00,-132.46;
-96.69,Inf,-103.00,-85.36,-116.67,-106.97,-132.46,-126.00;
-85.36,-103.00,Inf,-96.69,-85.36,-103.00,-106.97,-116.67;
-103.00,-85.36,-96.69,Inf,-103.00,-85.36,-116.67,-106.97;
-106.97,-116.67,-85.36,-103.00,Inf,-96.69,-85.36,-103.00;
-116.67,-106.97,-103.00,-85.36,-96.69,Inf,-103.00,-85.36;
-126.00,-132.46,-106.97,-116.67,-85.36,-103.00,Inf,-96.69;
-132.46,-126.00,-116.67,-106.97,-103.00,-85.36,-96.69,Inf}
 KOMONDOR SIMULATION 'sim_input_nodes_sce2a_deployment_04.csv' (seed 1992)
{187.62,23.04,20.43,25.50,28.88,3.46,13.13,40.32,32.87,214.43,19.89,48.84,53.22,47.54,23.88,21.04,190.23,4.84,27.49,11.60,35.71,38.86,46.16,25.57,105.68,15.36,3.61,11.52,3.00,24.88,22.12,5.45,16.59,3.15,180.63,34.64,28.49,3.76,38.86,16.82,22.58,0.23,35.25,138.62,40.63,9.22,45.93,3.00,4.15,35.71,307.20,56.06,61.59,60.60,51.23,60.06,17.66,279.94,46.92,47.23,50.00,46.62,50.15,39.01}
{0.00,0.24,6.74,1.46,4.04,2.43,2.36,3.10}
{Inf,-62.96,-62.43,-66.55,-57.82,-67.85,-70.63,-66.63,-68.06,Inf,-66.24,-68.10,-67.29,-61.89,-64.94,-68.15,Inf,-68.24,-63.87,-65.41,-63.20,-60.42,-49.43,-65.85,Inf,-68.32,-69.02,-64.89,-68.33,-59.89,-63.96,-70.22,-67.52,-68.57,Inf,-62.36,-65.78,-68.58,-53.52,-64.93,-64.83,-70.51,-60.27,Inf,-63.28,-66.27,-52.89,-70.75,-71.20,-59.97,Inf,-66.26,-60.05,-50.56,-69.91,-62.60,-68.70,Inf,-58.86,-61.75,-67.24,-63.36,-66.48,-70.41}
{Inf,-96.69,-85.36,-103.00,-106.97,-116.67,-126.00,-132.46;
-96.69,Inf,-103.00,-85.36,-116.67,-106.97,-132.46,-126.00;
-85.36,-103.00,Inf,-96.69,-85.36,-103.00,-106.97,-116.67;
-103.00,-85.36,-96.69,Inf,-103.00,-85.36,-116.67,-106.97;
-106.97,-116.67,-85.36,-103.00,Inf,-96.69,-85.36,-103.00;
-116.67,-106.97,-103.00,-85.36,-96.69,Inf,-103.00,-85.36;
-126.00,-132.46,-106.97,-116.67,-85.36,-103.00,Inf,-96.69;
-132.46,-126.00,-116.67,-106.97,-103.00,-85.36,-96.69,Inf}
 KOMONDOR SIMULATION 'sim_input_nodes_sce2a_deployment_05.csv' (seed 1992)
{334.08,36.25,37.09,26.11,38.71,34.71,35.79,31.41,29.64,28.11,36.25,274.56,35.48,29.18,31.18,39.94,22.73,24.19,41.47,16.97,33.41,93.85,1.23,1.84,3.76,31.87,33.72,21.43,102.45,15.90,2.84,27.03,39.78,5.30,5.91,5.68,143.85,3.15,33.41,12.98,12.90,11.98,19.28,23.12,25.19,1.84,153.22,44.77,22.43,5.99,2.61,15.13,20.58,41.70,229.79,36.71,13.13,37.25,16.36,40.32,44.54,41.47,229.09,19.97,26.34,42.16,5.68,41.47,38.40,27.34,27.72}
{3.68,0.36,3.15,4.46,1.70,9.11,1.58,3.52}
{Inf,-62.43,-62.86,-64.36,-63.16,-58.91,-54.96,-68.34,-69.35,-67.62,-56.13,Inf,-67.51,-59.35,-69.30,-60.76,-64.93,-67.11,-59.96,-67.98,-60.03,Inf,-71.22,-70.83,-69.23,-59.99,-62.41,-67.47,Inf,-65.74,-67.53,-62.29,-54.61,-66.38,-70.97,-66.98,Inf,-67.39,-59.00,-66.34,-69.55,-67.10,-66.81,-63.18,-59.78,-70.65,Inf,-55.87,-62.78,-66.75,-68.25,-68.31,-62.53,-49.22,Inf,-61.95,-70.83,-61.23,-70.26,-70.81,-61.88,-58.87,Inf,-64.59,-64.72,-60.54,-68.21,-60.71,-61.39,-65.87,-59.99}
{Inf,-96.69,-85.36,-103.00,-106.97,-116.67,-126.00,-132.46;
-96.69,Inf,-103.00,-85.36,-116.67,-106.97,-132.46,-126.00;
-85.36,-103.00,Inf,-96.69,-85.36,-103.00,-106.97,-116.67;
-103.00,-85.36,-96.69,Inf,-103.00,-85.36,-116.67,-106.97;
-106.97,-116.67,-85.36,-103.00,Inf,-96.69,-85.36,-103.00;
-116.67,-106.97,-103.00,-85.36,-96.69,Inf,-103.00,-85.36;
-126.00,-132.46,-106.97,-116.67,-85.36,-103.00,Inf,-96.69;
-132.46,-126.00,-116.67,-106.97,-103.00,-85.36,-96.69,Inf}
 KOMONDOR SIMULATION 'sim_input_nodes_sce2a_deployment_06.csv' (seed 1992)
{203.67,31.26,7.37,38.48,18.51,2.38,31.26,36.25,38.17,151.30,36.56,12.75,32.18,61.75,8.06,108.75,4.92,2.23,24.12,4.38,10.37,6.14,29.88,26.73,94.85,26.73,6.60,24.58,4.45,4.22,2.76,25.50,61.21,6.22,5.07,1.54,4.99,23.81,6.22,13.36,136.86,28.80,5.76,33.18,13.06,4.38,5.15,30.11,16.44,235.16,19.74,17.43,21.73,35.71,33.79,17.89,20.12,33.18,35.56,158.82,6.60,7.99,26.42,38.48,29.64,49.69}
{1.48,0.94,1.99,4.73,0.49,2.43,1.58,0.85}
{Inf,-68.95,-70.57,-55.36,-64.10,-70.71,-62.66,-68.38,-62.44,Inf,-57.15,-70.91,-67.71,-61.71,-68.56,Inf,-71.42,-70.32,-67.39,-69.55,-67.86,-68.91,-50.40,-58.00,Inf,-62.50,-69.01,-61.17,-70.76,-69.96,-70.70,-63.68,Inf,-68.28,-70.98,-70.65,-69.58,-59.44,-67.36,-66.39,Inf,-62.62,-69.83,-62.03,-67.94,-68.30,-67.91,-62.41,-64.85,Inf,-62.90,-66.14,-66.43,-63.99,-62.81,-68.59,-63.05,-64.94,-63.11,Inf,-69.56,-68.65,-67.85,-65.13,-57.37,-63.27}
{Inf,-96.69,-85.36,-103.00,-106.97,-116.67,-126.00,-132.46;
-96.69,Inf,-103.00,-85.36,-116.67,-106.97,-132.46,-126.00;
-85.36,-103.00,Inf,-96.69,-85.36,-103.00,-106.97,-116.67;
-103.00,-85.36,-96.69,Inf,-103.00,-85.36,-116.67,-106.97;
-106.97,-116.67,-85.36,-103.00,Inf,-96.69,-85.36,-103.00;
-116.67,-106.97,-103.00,-85.36,-96.69,Inf,-103.00,-85.36;
-126.00,-132.46,-106.97,-116.67,-85.36,-103.00,Inf,-96.69;
-132.46,-126.00,-116.67,-106.97,-103.00,-85.36,-96.69,Inf}
 KOMONDOR SIMULATION 'sim_input_nodes_sce2a_deployment_07.csv' (seed 1992)
{246.53,38.32,4.76,54.68,42.01,55.60,51.15,256.05,51.92,24.58,48.92,55.76,36.02,38.86,186.78,13.13,12.21,16.13,27.57,27.88,11.29,23.35,20.51,13.98,20.74,198.22,48.00,21.50,41.09,34.41,34.64,18.59,52.53,4.30,17.36,3.61,10.06,3.76,2.76,10.68,74.34,0.31,34.33,9.52,5.53,4.84,19.81,199.76,37.63,6.53,4.76,36.94,26.50,26.34,38.48,22.58,258.51,57.45,68.97,66.20,56.45,9.45}
{1.37,-13.31,4.23,0.73,0.00,2.29,2.00,1.33}
{Inf,-64.83,-67.37,-57.41,-70.91,-57.73,-68.07,Inf,-71.17,-65.82,-64.12,-44.93,-67.89,-59.28,Inf,-65.32,-70.44,-63.65,-59.29,-59.22,-64.81,-60.76,-62.16,-70.53,-67.62,Inf,-64.01,-65.69,-62.45,-66.02,-62.84,-67.66,Inf,-69.80,-64.96,-68.86,-66.67,-69.17,-69.62,-67.86,Inf,-71.33,-58.64,-66.05,-70.25,-69.08,-65.81,Inf,-59.10,-70.02,-70.38,-58.71,-65.87,-67.07,-63.08,-64.53,Inf,-63.70,-60.71,-62.84,-68.50,-66.74}
{Inf,-96.69,-85.36,-103.00,-106.97,-116.67,-126.00,-132.46;
-96.69,Inf,-103.00,-85.36,-116.67,-106.97,-132.46,-126.00;
-85.36,-103.00,Inf,-96.69,-85.36,-103.00,-106.97,-116.67;
-103.00,-85.36,-96.69,Inf,-103.00,-85.36,-116.67,-106.97;
-106.97,-116.67,-85.36,-103.00,Inf,-96.69,-85.36,-103.00;
-116.67,-106.97,-103.00,-85.36,-96.69,Inf,-103.00,-85.36;
-126.00,-132.46,-106.97,-116.67,-85.36,-103.00,Inf,-96.69;
-132.46,-126.00,-116.67,-106.97,-103.00,-85.36,-96.69,Inf}
 KOMONDOR SIMULATION 'sim_input_nodes_sce2a_deployment_08.csv' (seed 1992)
{203.52,51.07,51.46,13.29,48.69,25.19,13.82,191.77,9.91,25.73,28.80,31.56,10.14,26.11,4.76,4.22,31.95,18.59,149.68,41.63,30.49,23.42,43.47,8.76,1.92,71.50,4.53,33.87,14.75,6.22,7.22,4.92,143.92,14.28,20.89,23.58,4.68,29.03,31.03,3.30,14.36,2.76,173.80,29.57,17.66,30.57,1.23,34.18,2.69,23.12,19.51,15.28,215.58,38.02,24.35,39.48,17.59,30.11,38.71,15.74,11.60,271.87,57.45,32.49,48.46,61.06,43.85,28.57}
{2.59,-10.53,2.10,1.74,3.96,7.10,3.00,1.53}
{Inf,-65.41,-67.74,-70.12,-56.20,-63.98,-69.53,Inf,-66.66,-63.98,-69.56,-67.73,-67.63,-70.01,-67.49,-66.28,-63.34,-66.81,Inf,-58.75,-66.87,-67.33,-59.62,-65.84,-71.39,Inf,-70.28,-58.23,-66.83,-68.67,-69.51,-70.84,Inf,-64.40,-60.46,-63.40,-70.43,-62.14,-58.50,-67.33,-65.70,-68.33,Inf,-56.20,-65.62,-52.22,-69.10,-55.44,-69.86,-65.01,-62.19,-65.88,Inf,-65.54,-64.09,-52.49,-65.09,-65.03,-65.12,-70.25,-66.25,Inf,-56.90,-62.95,-69.35,-64.04,-65.71,-62.43}
{Inf,-96.69,-85.36,-103.00,-106.97,-116.67,-126.00,-132.46;
-96.69,Inf,-103.00,-85.36,-116.67,-106.97,-132.46,-126.00;
-85.36,-103.00,Inf,-96.69,-85.36,-103.00,-106.97,-116.67;
-103.00,-85.36,-96.69,Inf,-103.00,-85.36,-116.67,-106.97;
-106.97,-116.67,-85.36,-103.00,Inf,-96.69,-85.36,-103.00;
-116.67,-106.97,-103.00,-85.36,-96.69,Inf,-103.00,-85.36;
-126.00,-132.46,-106.97,-116.67,-85.36,-103.00,Inf,-96.69;
-132.46,-126.00,-116.67,-106.97,-103.00,-85.36,-96.69,Inf}
 KOMONDOR SIMULATION 'sim_input_nodes_sce2a_deployment_09.csv' (seed 1992)
{229.94,36.63,34.79,39.40,38.32,31.49,26.04,23.27,297.68,24.96,32.10,46.69,39.01,39.48,36.48,40.40,38.55,91.39,5.91,12.36,19.58,2.46,2.76,13.75,34.56,122.04,50.00,29.88,3.76,34.87,3.53,107.83,18.12,23.04,4.15,4.68,12.67,3.61,24.35,17.20,126.80,3.76,5.07,26.73,6.22,13.82,11.75,21.20,30.64,7.60,146.53,32.33,4.38,29.80,1.61,34.64,6.76,2.69,34.33,222.64,38.55,40.63,19.43,21.73,39.63,20.97,20.74,20.97}
{0.00,0.73,1.70,2.67,0.00,0.45,2.35,1.85}
{Inf,-66.66,-66.87,-62.41,-65.38,-71.14,-61.98,-70.64,Inf,-69.65,-68.17,-66.93,-50.43,-68.00,-69.28,-58.78,-67.19,Inf,-69.65,-67.48,-67.14,-69.15,-70.90,-68.96,-59.86,Inf,-52.50,-65.29,-71.41,-65.31,-70.63,Inf,-69.76,-67.28,-67.16,-71.36,-71.26,-66.20,-66.65,-64.85,Inf,-68.55,-69.49,-62.96,-68.80,-67.02,-66.01,-63.13,-56.61,-71.41,Inf,-62.64,-70.31,-65.25,-70.48,-63.85,-69.98,-70.07,-64.26,Inf,-63.75,-57.81,-66.30,-69.16,-65.58,-68.40,-68.59,-68.65}
{Inf,-96.69,-85.36,-103.00,-106.97,-116.67,-126.00,-132.46;
-96.69,Inf,-103.00,-85.36,-116.67,-106.97,-132.46,-126.00;
-85.36,-103.00,Inf,-96.69,-85.36,-103.00,-106.97,-116.67;
-103.00,-85.36,-96.69,Inf,-103.00,-85.36,-116.67,-106.97;
-106.97,-116.67,-85.36,-103.00,Inf,-96.69,-85.36,-103.00;
-116.67,-106.97,-103.00,-85.36,-96.69,Inf,-103.00,-85.36;
-126.00,-132.46,-106.97,-116.67,-85.36,-103.00,Inf,-96.69;
-132.46,-126.00,-116.67,-106.97,-103.00,-85.36,-96.69,Inf}
 KOMONDOR SIMULATION 'sim_input_nodes_sce2a_deployment_10.csv' (seed 1992)
{131.25,5.30,13.67,33.41,4.15,27.96,9.52,4.38,32.87,222.64,27.26,28.72,17.74,20.28,32.64,4.53,28.26,10.75,22.96,29.49,113.66,5.99,14.05,13.59,16.28,0.84,20.74,3.53,1.84,8.83,27.96,43.24,2.00,1.92,30.57,3.46,5.30,125.11,4.76,24.27,13.36,6.30,13.36,31.80,31.26,130.18,5.15,22.96,3.38,19.28,14.44,12.75,18.36,9.37,2.38,22.12,180.79,30.34,28.95,3.53,23.12,27.65,1.46,13.13,32.95,19.66,226.64,43.85,41.78,45.00,4.07,20.12,42.01,29.80}
{1.52,1.21,4.37,0.49,2.79,2.14,0.91,1.70}
{Inf,-67.79,-70.49,-61.68,-68.30,-70.10,-69.90,-68.39,-57.80,Inf,-61.83,-62.64,-63.79,-68.80,-68.96,-66.10,-70.85,-70.92,-69.30,-60.62,Inf,-70.06,-64.97,-64.40,-61.61,-70.64,-59.33,-68.09,-71.36,-65.70,-50.40,Inf,-70.76,-71.05,-63.31,-69.49,-69.47,Inf,-69.79,-63.67,-65.94,-68.02,-66.21,-62.22,-63.00,Inf,-69.09,-63.35,-71.10,-69.12,-64.94,-64.71,-64.55,-66.03,-68.16,-61.18,Inf,-66.17,-62.32,-70.73,-70.27,-65.00,-69.77,-65.71,-68.33,-63.16,Inf,-60.56,-65.61,-61.28,-70.37,-68.35,-61.52,-69.49}
{Inf,-96.69,-85.36,-103.00,-106.97,-116.67,-126.00,-132.46;
-96.69,Inf,-103.00,-85.36,-116.67,-106.97,-132.46,-126.00;
-85.36,-103.00,Inf,-96.69,-85.36,-103.00,-106.97,-116.67;
-103.00,-85.36,-96.69,Inf,-103.00,-85.36,-116.67,-106.97;
-106.97,-116.67,-85.36,-103.00,Inf,-96.69,-85.36,-103.00;
-116.67,-106.97,-103.00,-85.36,-96.69,Inf,-103.00,-85.36;
-126.00,-132.46,-106.97,-116.67,-85.36,-103.00,Inf,-96.69;
-132.46,-126.00,-116.67,-106.97,-103.00,-85.36,-96.69,Inf}
 KOMONDOR SIMULATION 'sim_input_nodes_sce2a_deployment_11.csv' (seed 1992)
{174.41,40.78,19.81,13.98,60.98,38.86,160.20,39.86,7.76,1.92,25.27,4.38,38.86,42.16,87.32,39.63,24.73,15.51,3.07,4.38,75.19,3.53,8.29,14.52,2.76,18.74,8.22,14.82,4.30,110.59,14.90,4.38,22.50,21.89,3.30,38.17,5.45,131.79,2.23,23.50,11.67,13.44,4.76,32.87,6.30,32.18,4.84,183.24,4.76,17.20,34.64,3.30,34.10,31.18,34.33,23.73,129.10,14.52,22.12,22.89,44.47,25.11}
{1.70,1.10,6.06,0.41,1.06,2.93,1.09,0.18}
{Inf,-63.33,-66.09,-71.29,-63.77,-63.75,Inf,-57.15,-68.52,-70.49,-69.56,-66.91,-67.13,-64.55,Inf,-61.16,-65.09,-67.37,-70.34,-68.39,Inf,-68.75,-70.05,-64.88,-70.22,-64.48,-71.27,-65.95,-68.67,Inf,-68.35,-69.99,-66.97,-69.22,-70.32,-51.29,-69.76,Inf,-70.80,-65.72,-65.10,-65.06,-66.65,-54.99,-66.17,-51.88,-69.79,Inf,-68.29,-71.32,-61.15,-69.84,-68.57,-60.48,-70.99,-60.34,Inf,-71.39,-71.11,-64.78,-65.09,-64.61}
{Inf,-96.69,-85.36,-103.00,-106.97,-116.67,-126.00,-132.46;
-96.69,Inf,-103.00,-85.36,-116.67,-106.97,-132.46,-126.00;
-85.36,-103.00,Inf,-96.69,-85.36,-103.00,-106.97,-116.67;
-103.00,-85.36,-96.69,Inf,-103.00,-85.36,-116.67,-106.97;
-106.97,-116.67,-85.36,-103.00,Inf,-96.69,-85.36,-103.00;
-116.67,-106.97,-103.00,-85.36,-96.69,Inf,-103.00,-85.36;
-126.00,-132.46,-106.97,-116.67,-85.36,-103.00,Inf,-96.69;
-132.46,-126.00,-116.67,-106.97,-103.00,-85.36,-96.69,Inf}
 KOMONDOR SIMULATION 'sim_input_nodes_sce2a_deployment_12.csv' (seed 1992)
{193.38,5.38,40.70,39.09,6.53,29.95,41.78,29.95,180.56,30.87,2.00,23.96,2.76,29.80,31.49,28.72,30.95,176.49,16.36,3.15,3.53,22.35,28.57,24.12,31.18,20.12,25.96,1.15,249.60,36.25,21.58,38.09,20.43,39.86,43.78,49.61,91.16,15.44,2.92,7.53,3.99,6.91,35.17,2.53,16.67,97.38,1.08,11.60,0.31,4.99,27.57,4.38,11.37,15.59,20.51,219.65,47.92,47.85,39.63,37.79,46.46,141.54,1.23,30.18,18.89,20.58,17.43,4.68,29.80,18.74}
{1.33,0.00,3.16,2.70,3.61,2.70,0.73,2.31}
{Inf,-66.49,-67.07,-61.80,-67.75,-66.73,-59.88,-70.96,Inf,-67.29,-69.35,-71.17,-67.26,-70.63,-71.10,-70.79,-58.22,Inf,-64.76,-69.45,-70.48,-59.04,-58.30,-65.09,-56.21,-64.99,-62.81,-70.84,Inf,-67.95,-64.93,-66.92,-68.95,-64.53,-63.40,-48.87,Inf,-63.67,-69.18,-71.17,-67.63,-67.69,-54.20,-68.61,-65.61,Inf,-70.32,-65.49,-70.84,-66.35,-58.50,-66.60,-62.34,-63.83,-62.13,Inf,-68.29,-68.81,-66.52,-65.30,-66.87,Inf,-71.00,-68.87,-61.87,-68.29,-69.47,-70.28,-59.63,-69.74}
{Inf,-96.69,-85.36,-103.00,-106.97,-116.67,-126.00,-132.46;
-96.69,Inf,-103.00,-85.36,-116.67,-106.97,-132.46,-126.00;
-85.36,-103.00,Inf,-96.69,-85.36,-103.00,-106.97,-116.67;
-103.00,-85.36,-96.69,Inf,-103.00,-85.36,-116.67,-106.97;
-106.97,-116.67,-85.36,-103.00,Inf,-96.69,-85.36,-103.00;
-116.67,-106.97,-103.00,-85.36,-96.69,Inf,-103.00,-85.36;
-126.00,-132.46,-106.97,-116.67,-85.36,-103.00,Inf,-96.69;
-132.46,-126.00,-116.67,-106.97,-103.00,-85.36,-96.69,Inf}
 KOMONDOR SIMULATION 'sim_input_nodes_sce2a_deployment_13.csv' (seed 1992)
{111.05,2.15,33.10,2.00,1.23,33.33,6.22,33.02,171.88,18.28,36.33,17.82,13.21,28.11,19.81,3.07,35.25,76.95,1.54,4.22,34.71,1.92,34.56,126.64,17.66,10.44,32.64,10.14,3.53,17.20,28.65,4.22,2.15,120.73,51.30,37.48,6.07,18.82,7.07,95.00,2.07,3.92,11.83,3.00,4.84,27.03,3.23,19.66,7.76,11.67,206.59,3.76,12.90,25.88,31.80,4.45,32.72,31.49,31.49,32.10,229.79,44.54,44.16,20.04,43.62,6.60,20.89,25.65,24.27}
{2.93,1.49,5.46,4.03,1.37,3.68,2.44,1.65}
{Inf,-70.16,-64.22,-70.24,-70.28,-60.46,-68.51,-53.10,Inf,-70.33,-53.46,-66.36,-65.79,-70.49,-61.37,-70.35,-60.71,Inf,-70.44,-71.37,-61.97,-70.82,-59.88,Inf,-62.06,-68.51,-53.67,-67.23,-71.08,-65.41,-59.35,-69.74,-69.91,Inf,-57.30,-67.00,-68.55,-69.85,-67.07,Inf,-70.31,-70.65,-66.85,-69.22,-69.05,-55.12,-67.37,-61.12,-68.78,-63.33,Inf,-68.64,-65.82,-66.83,-64.61,-69.03,-56.80,-58.50,-65.96,-70.19,Inf,-62.54,-59.76,-66.29,-47.80,-69.06,-64.88,-61.78,-60.76}
{Inf,-96.69,-85.36,-103.00,-106.97,-116.67,-126.00,-132.46;
-96.69,Inf,-103.00,-85.36,-116.67,-106.97,-132.46,-126.00;
-85.36,-103.00,Inf,-96.69,-85.36,-103.00,-106.97,-116.67;
-103.00,-85.36,-96.69,Inf,-103.00,-85.36,-116.67,-106.97;
-106.97,-116.67,-85.36,-103.00,Inf,-96.69,-85.36,-103.00;
-116.67,-106.97,-103.00,-85.36,-96.69,Inf,-103.00,-85.36;
-126.00,-132.46,-106.97,-116.67,-85.36,-103.00,Inf,-96.69;
-132.46,-126.00,-116.67,-106.97,-103.00,-85.36,-96.69,Inf}
 KOMONDOR SIMULATION 'sim_input_nodes_sce2a_deployment_14.csv' (seed 1992)
{219.72,32.03,22.12,30.03,25.80,1.46,29.18,32.03,31.33,15.74,210.28,31.41,30.72,0.77,29.34,3.76,31.41,19.12,27.96,4.30,31.49,191.62,20.74,36.63,15.74,37.48,41.40,14.67,22.81,2.15,89.70,20.20,2.07,5.91,30.34,27.72,3.46,146.00,26.27,3.76,6.99,19.58,43.08,22.04,24.27,130.87,24.81,29.26,21.50,20.97,15.36,1.92,11.90,2.46,2.69,190.62,2.92,19.12,29.64,3.69,16.44,30.26,20.89,13.75,22.89,31.03,125.49,9.60,51.07,33.10,3.53,28.19}
{0.12,0.36,3.47,0.14,7.43,2.40,2.27,0.12}
{Inf,-62.75,-59.51,-67.42,-70.63,-70.67,-63.74,-64.78,-63.26,-67.12,Inf,-59.22,-54.90,-71.31,-69.19,-68.07,-64.94,-60.22,-60.52,-68.50,-67.13,Inf,-66.51,-60.27,-67.62,-53.76,-58.68,-64.72,-65.88,-67.77,Inf,-64.05,-70.64,-70.84,-67.03,-67.37,-70.24,Inf,-59.98,-68.90,-69.94,-66.94,-56.48,-62.62,-65.09,Inf,-55.47,-59.65,-61.39,-63.88,-65.73,-70.71,-67.11,-70.56,-70.62,Inf,-69.72,-61.21,-70.07,-70.50,-63.45,-49.90,-69.74,-67.96,-62.52,-57.36,Inf,-69.97,-66.19,-68.40,-71.28,-60.09}
{Inf,-96.69,-85.36,-103.00,-106.97,-116.67,-126.00,-132.46;
-96.69,Inf,-103.00,-85.36,-116.67,-106.97,-132.46,-126.00;
-85.36,-103.00,Inf,-96.69,-85.36,-103.00,-106.97,-116.67;
-103.00,-85.36,-96.69,Inf,-103.00,-85.36,-116.67,-106.97;
-106.97,-116.67,-85.36,-103.00,Inf,-96.69,-85.36,-103.00;
-116.67,-106.97,-103.00,-85.36,-96.69,Inf,-103.00,-85.36;
-126.00,-132.46,-106.97,-116.67,-85.36,-103.00,Inf,-96.69;
-132.46,-126.00,-116.67,-106.97,-103.00,-85.36,-96.69,Inf}
 KOMONDOR SIMULATION 'sim_input_nodes_sce2a_deployment_15.csv' (seed 1992)
{165.27,31.95,2.15,6.07,40.32,21.96,37.40,25.42,289.38,71.04,43.47,49.38,51.23,74.27,72.12,3.30,15.21,21.20,26.27,6.14,107.29,5.45,21.66,26.80,20.74,4.15,5.15,2.76,20.58,205.13,5.38,23.96,18.51,38.32,19.28,37.48,27.26,2.76,32.18,94.85,29.57,2.92,6.99,6.45,10.29,35.79,2.84,253.67,15.44,12.13,29.11,17.36,31.87,31.56,28.03,26.96,30.72,30.49,241.54,51.00,47.77,42.93,52.30,47.54}
{0.27,3.50,4.00,2.31,5.83,0.46,0.12,0.00}
{Inf,-63.92,-70.80,-70.70,-65.30,-64.80,-57.33,-64.04,Inf,-61.69,-61.75,-67.26,-65.16,-51.20,Inf,-71.03,-67.71,-62.42,-60.12,-68.19,Inf,-65.60,-61.01,-62.17,-62.61,-66.59,-70.31,-69.43,-63.50,Inf,-69.27,-66.04,-64.95,-53.72,-62.51,-48.82,-62.12,-69.01,-59.33,Inf,-66.51,-66.38,-68.13,-68.81,-69.73,-57.97,-68.39,Inf,-63.84,-68.79,-71.02,-65.02,-63.50,-69.18,-60.81,-64.57,-70.32,-65.16,Inf,-70.63,-66.14,-70.45,-63.96,-69.68}
{Inf,-96.69,-85.36,-103.00,-106.97,-116.67,-126.00,-132.46;
-96.69,Inf,-103.00,-85.36,-116.67,-106.97,-132.46,-126.00;
-85.36,-103.00,Inf,-96.69,-85.36,-103.00,-106.97,-116.67;
-103.00,-85.36,-96.69,Inf,-103.00,-85.36,-116.67,-106.97;
-106.97,-116.67,-85.36,-103.00,Inf,-96.69,-85.36,-103.00;
-116.67,-106.97,-103.00,-85.36,-96.69,Inf,-103.00,-85.36;
-126.00,-132.46,-106.97,-116.67,-85.36,-103.00,Inf,-96.69;
-132.46,-126.00,-116.67,-106.97,-103.00,-85.36,-96.69,Inf}
 KOMONDOR SIMULATION 'sim_input_nodes_sce2a_deployment_16.csv' (seed 1992)
{195.99,16.97,4.84,38.32,21.58,39.40,38.25,36.63,223.10,36.71,4.45,35.71,35.25,27.49,33.79,26.57,23.12,203.29,56.14,61.98,25.73,53.38,6.07,136.70,3.69,5.07,29.03,22.27,3.23,40.40,33.02,48.77,6.22,13.59,16.20,6.45,6.30,101.38,15.21,3.84,4.15,7.07,14.28,23.04,33.79,262.12,51.15,7.45,49.61,53.84,51.46,48.61,243.23,32.56,22.81,30.41,4.45,15.59,33.33,22.73,34.10,15.74,31.49}
{2.10,1.03,3.78,4.08,0.00,3.03,4.22,1.52}
{Inf,-69.37,-70.13,-57.96,-69.38,-67.05,-59.58,-71.03,Inf,-64.09,-66.88,-63.83,-68.93,-57.91,-70.48,-61.67,-69.27,Inf,-63.28,-53.05,-69.31,-58.24,-70.94,Inf,-71.09,-70.02,-64.27,-63.15,-68.88,-55.34,-57.99,Inf,-70.63,-69.61,-66.68,-70.83,-70.38,Inf,-68.09,-71.05,-69.70,-67.32,-68.60,-62.86,-56.12,Inf,-56.64,-71.43,-69.03,-55.58,-64.93,-62.92,Inf,-67.38,-57.51,-63.96,-69.65,-64.38,-64.75,-58.83,-69.18,-68.54,-61.81}
{Inf,-96.69,-85.36,-103.00,-106.97,-116.67,-126.00,-132.46;
-96.69,Inf,-103.00,-85.36,-116.67,-106.97,-132.46,-126.00;
-85.36,-103.00,Inf,-96.69,-85.36,-103.00,-106.97,-116.67;
-103.00,-85.36,-96.69,Inf,-103.00,-85.36,-116.67,-106.97;
-106.97,-116.67,-85.36,-103.00,Inf,-96.69,-85.36,-103.00;
-116.67,-106.97,-103.00,-85.36,-96.69,Inf,-103.00,-85.36;
-126.00,-132.46,-106.97,-116.67,-85.36,-103.00,Inf,-96.69;
-132.46,-126.00,-116.67,-106.97,-103.00,-85.36,-96.69,Inf}
 KOMONDOR SIMULATION 'sim_input_nodes_sce2a_deployment_17.csv' (seed 1992)
{171.03,6.30,30.11,25.57,20.74,3.07,27.72,31.56,9.83,11.90,4.22,237.31,44.77,23.19,41.24,3.69,6.14,40.17,36.56,41.55,218.57,41.55,19.74,4.53,44.70,18.89,42.09,47.08,123.72,1.54,3.76,21.20,40.86,42.09,5.76,8.52,88.01,2.53,9.98,27.26,17.74,9.37,0.92,7.76,4.61,1.84,5.99,127.18,39.24,6.76,3.46,16.97,12.29,23.12,21.89,3.46,207.82,5.61,51.76,47.62,39.01,30.72,33.10,220.49,23.12,38.09,5.07,36.71,39.71,3.46,35.64,38.71}
{0.00,2.42,7.65,2.80,5.06,2.02,0.00,4.62}
{Inf,-66.44,-65.01,-69.82,-63.67,-67.90,-70.18,-65.92,-70.01,-63.80,-67.45,Inf,-60.48,-61.42,-51.62,-70.31,-67.34,-56.06,-66.96,-59.33,Inf,-58.37,-68.95,-69.13,-54.32,-66.21,-60.02,-54.61,Inf,-70.79,-70.00,-63.72,-58.57,-60.60,-68.89,-69.19,Inf,-69.55,-65.11,-55.12,-63.05,-66.46,-70.67,-67.20,-69.17,-70.65,-68.26,Inf,-52.84,-69.63,-68.48,-63.44,-68.69,-63.71,-62.55,-70.10,Inf,-69.21,-66.36,-65.87,-67.25,-61.42,-64.48,Inf,-68.18,-57.81,-68.25,-68.62,-66.99,-71.14,-56.28,-57.09}
{Inf,-96.69,-85.36,-103.00,-106.97,-116.67,-126.00,-132.46;
-96.69,Inf,-103.00,-85.36,-116.67,-106.97,-132.46,-126.00;
-85.36,-103.00,Inf,-96.69,-85.36,-103.00,-106.97,-116.67;
-103.00,-85.36,-96.69,Inf,-103.00,-85.36,-116.67,-106.97;
-106.97,-116.67,-85.36,-103.00,Inf,-96.69,-85.36,-103.00;
-116.67,-106.97,-103.00,-85.36,-96.69,Inf,-103.00,-85.36;
-126.00,-132.46,-106.97,-116.67,-85.36,-103.00,Inf,-96.69;
-132.46,-126.00,-116.67,-106.97,-103.00,-85.36,-96.69,Inf}
 KOMONDOR SIMULATION 'sim_input_nodes_sce2a_deployment_18.csv' (seed 1992)
{208.90,53.22,56.60,36.25,30.87,31.95,133.94,23.65,22.50,6.53,3.15,3.30,23.73,22.58,3.00,3.92,21.58,175.26,42.85,21.58,2.15,2.76,36.10,44.31,25.50,146.69,15.13,19.20,2.38,22.96,20.89,3.07,21.73,15.74,1.15,24.42,146.69,5.76,31.10,27.34,3.99,22.89,3.23,3.23,19.20,29.95,89.93,20.89,3.38,8.83,5.91,2.30,6.60,12.21,3.84,25.96,99.38,25.19,12.44,8.68,31.64,5.99,15.44,242.61,47.54,64.67,63.97,62.67,3.76}
{0.85,0.00,6.85,1.70,7.77,3.33,1.63,9.31}
{Inf,-63.46,-70.28,-68.06,-66.03,-67.14,Inf,-68.01,-68.87,-66.59,-68.01,-67.29,-67.07,-68.01,-70.30,-68.98,-69.08,Inf,-54.57,-63.13,-70.59,-68.68,-59.51,-59.42,-62.49,Inf,-69.53,-63.54,-71.21,-62.62,-63.88,-70.35,-63.00,-67.53,-70.73,-61.79,Inf,-66.45,-56.24,-57.70,-69.02,-60.70,-67.79,-68.23,-64.13,-57.71,Inf,-59.58,-69.44,-65.76,-69.81,-70.41,-65.61,-62.51,-67.17,-55.11,Inf,-69.51,-65.80,-68.95,-61.67,-70.49,-65.34,Inf,-61.97,-58.63,-59.11,-54.80,-71.33}
{Inf,-96.69,-85.36,-103.00,-106.97,-116.67,-126.00,-132.46;
-96.69,Inf,-103.00,-85.36,-116.67,-106.97,-132.46,-126.00;
-85.36,-103.00,Inf,-96.69,-85.36,-103.00,-106.97,-116.67;
-103.00,-85.36,-96.69,Inf,-103.00,-85.36,-116.67,-106.97;
-106.97,-116.67,-85.36,-103.00,Inf,-96.69,-85.36,-103.00;
-116.67,-106.97,-103.00,-85.36,-96.69,Inf,-103.00,-85.36;
-126.00,-132.46,-106.97,-116.67,-85.36,-103.00,Inf,-96.69;
-132.46,-126.00,-116.67,-106.97,-103.00,-85.36,-96.69,Inf}
 KOMONDOR SIMULATION 'sim_input_nodes_sce2a_deployment_19.csv' (seed 1992)
{223.64,27.34,37.09,40.55,11.75,38.78,27.03,41.09,223.49,24.19,28.11,27.42,25.42,29.11,7.30,22.04,29.03,30.57,0.31,116.74,6.22,32.64,31.26,10.06,0.92,9.22,2.07,6.53,17.82,139.16,28.65,22.66,13.21,5.99,28.03,3.00,27.80,9.83,208.36,38.48,36.33,39.17,21.43,36.25,2.76,6.22,27.72,81.25,18.74,13.90,30.87,2.76,2.23,5.07,3.76,0.84,3.07,173.80,7.99,17.89,20.66,31.64,30.26,28.34,1.77,21.20,5.53,8.52,186.78,4.68,18.28,33.10,24.73,28.65,32.49,17.36,27.49}
{1.09,1.06,4.58,0.53,4.90,1.07,2.05,0.41}
{Inf,-65.32,-68.31,-69.53,-69.19,-62.80,-61.21,-61.11,Inf,-68.31,-65.23,-61.42,-71.24,-65.84,-69.13,-66.50,-61.82,-57.71,-70.99,Inf,-69.51,-60.25,-53.27,-69.88,-70.47,-68.44,-67.97,-65.69,-63.92,Inf,-65.01,-66.81,-66.57,-67.81,-68.00,-68.44,-61.08,-70.84,Inf,-50.80,-57.45,-57.16,-65.98,-61.06,-70.11,-69.66,-66.28,Inf,-62.62,-68.80,-54.27,-67.11,-67.50,-66.31,-68.23,-69.84,-69.95,Inf,-69.76,-67.62,-64.83,-63.98,-65.54,-57.58,-70.27,-63.69,-70.71,-65.48,Inf,-69.15,-67.65,-54.75,-68.20,-65.38,-65.52,-70.21,-70.33}
{Inf,-96.69,-85.36,-103.00,-106.97,-116.67,-126.00,-132.46;
-96.69,Inf,-103.00,-85.36,-116.67,-106.97,-132.46,-126.00;
-85.36,-103.00,Inf,-96.69,-85.36,-103.00,-106.97,-116.67;
-103.00,-85.36,-96.69,Inf,-103.00,-85.36,-116.67,-106.97;
-106.97,-116.67,-85.36,-103.00,Inf,-96.69,-85.36,-103.00;
-116.67,-106.97,-103.00,-85.36,-96.69,Inf,-103.00,-85.36;
-126.00,-132.46,-106.97,-116.67,-85.36,-103.00,Inf,-96.69;
-132.46,-126.00,-116.67,-106.97,-103.00,-85.36,-96.69,Inf}
 KOMONDOR SIMULATION 'sim_input_nodes_sce2a_deployment_20.csv' (seed 1992)
{181.32,28.80,10.75,33.95,20.66,29.72,23.12,4.07,3.38,26.88,225.72,6.30,66.66,26.04,65.89,60.83,122.57,32.95,1.61,21.66,35.87,21.20,8.68,0.61,116.74,12.90,41.24,23.19,3.69,8.37,27.34,63.67,5.99,0.69,3.15,5.22,4.68,4.15,21.73,18.05,142.46,33.33,35.79,2.07,0.69,34.71,19.74,13.21,2.92,149.91,5.68,2.53,18.51,27.80,16.28,30.49,32.03,16.59,150.37,37.94,38.78,11.83,18.51,28.65,3.23,11.44}
{0.12,2.17,3.13,5.46,0.00,4.11,0.00,0.49}
{Inf,-64.62,-65.52,-64.25,-62.89,-67.54,-68.63,-68.79,-69.43,-68.18,Inf,-70.40,-53.53,-64.87,-66.07,-57.13,Inf,-57.61,-70.57,-66.51,-50.67,-65.17,-68.37,-70.65,Inf,-66.01,-61.64,-63.39,-68.54,-67.22,-63.36,Inf,-66.39,-70.85,-71.44,-67.36,-67.21,-70.11,-64.65,-66.57,Inf,-59.49,-61.91,-70.55,-71.21,-53.77,-65.99,-66.73,-69.53,Inf,-68.28,-70.37,-65.42,-70.37,-64.23,-64.21,-67.38,-67.90,Inf,-63.84,-67.03,-70.91,-69.35,-63.59,-70.80,-70.53}
{Inf,-96.69,-85.36,-103.00,-106.97,-116.67,-126.00,-132.46;
-96.69,Inf,-103.00,-85.36,-116.67,-106.97,-132.46,-126.00;
-85.36,-103.00,Inf,-96.69,-85.36,-103.00,-106.97,-116.67;
-103.00,-85.36,-96.69,Inf,-103.00,-85.36,-116.67,-106.97;
-106.97,-116.67,-85.36,-103.00,Inf,-96.69,-85.36,-103.00;
-116.67,-106.97,-103.00,-85.36,-96.69,Inf,-103.00,-85.36;
-126.00,-132.46,-106.97,-116.67,-85.36,-103.00,Inf,-96.69;
-132.46,-126.00,-116.67,-106.97,-103.00,-85.36,-96.69,Inf}
 KOMONDOR SIMULATION 'sim_input_nodes_sce2a_deployment_21.csv' (seed 1992)
{208.74,19.35,36.63,24.42,28.49,22.04,37.86,35.33,4.61,171.49,6.14,37.56,51.00,52.30,24.50,73.65,1.54,1.92,21.50,6.68,4.61,1.92,3.15,9.52,3.53,19.28,74.88,20.97,4.07,6.53,5.99,33.18,4.15,136.09,4.38,4.30,30.57,45.77,16.74,34.33,103.30,7.07,6.68,25.27,15.13,49.15,128.03,21.96,24.96,15.44,14.44,3.07,14.13,3.99,30.03,218.50,65.59,38.94,8.45,60.52,45.00}
{0.14,0.97,2.03,3.76,0.53,1.72,1.77,1.70}
{Inf,-68.58,-64.69,-69.20,-67.12,-63.35,-68.67,-66.26,-68.76,Inf,-70.41,-70.07,-62.98,-66.03,-67.91,Inf,-69.31,-71.25,-60.08,-69.45,-68.94,-69.90,-70.08,-66.13,-66.68,-64.48,Inf,-65.12,-70.14,-67.24,-70.45,-62.52,-69.12,Inf,-68.32,-71.22,-68.62,-45.97,-67.02,-67.64,Inf,-71.11,-66.74,-65.84,-69.22,-51.75,Inf,-64.41,-64.26,-71.06,-70.64,-70.93,-71.07,-69.23,-64.77,Inf,-62.60,-69.57,-68.68,-59.82,-60.95}
{Inf,-96.69,-85.36,-103.00,-106.97,-116.67,-126.00,-132.46;
-96.69,Inf,-103.00,-85.36,-116.67,-106.97,-132.46,-126.00;
-85.36,-103.00,Inf,-96.69,-85.36,-103.00,-106.97,-116.67;
-103.00,-85.36,-96.69,Inf,-103.00,-85.36,-116.67,-106.97;
-106.97,-116.67,-85.36,-103.00,Inf,-96.69,-85.36,-103.00;
-116.67,-106.97,-103.00,-85.36,-96.69,Inf,-103.00,-85.36;
-126.00,-132.46,-106.97,-116.67,-85.36,-103.00,Inf,-96.69;
-132.46,-126.00,-116.67,-106.97,-103.00,-85.36,-96.69,Inf}
 KOMONDOR SIMULATION 'sim_input_nodes_sce2a_deployment_22.csv' (seed 1992)
{202.14,31.33,59.21,31.26,17.59,62.75,167.65,22.35,17.82,21.58,32.10,4.45,4.61,30.41,3.00,31.33,66.05,20.28,9.52,2.00,3.15,0.46,1.00,2.84,8.83,7.76,10.21,63.28,17.20,16.51,4.76,5.15,14.59,5.07,137.93,8.52,16.28,31.80,23.88,4.07,34.10,16.67,2.61,94.62,23.88,4.84,25.88,6.76,29.57,3.69,166.89,26.57,35.48,33.25,24.50,2.46,4.53,34.79,5.30,228.17,10.21,21.50,12.98,26.34,31.87,25.34,25.04,25.34,26.27,23.27}
{1.19,6.82,2.61,2.41,4.15,0.49,1.40,0.54}
{Inf,-64.37,-48.14,-64.33,-65.92,-70.11,Inf,-71.13,-67.03,-69.70,-55.93,-68.87,-69.14,-63.28,-70.19,-62.83,Inf,-59.19,-65.19,-69.25,-66.46,-71.00,-70.51,-69.19,-65.33,-68.10,-67.29,Inf,-64.56,-64.88,-70.81,-70.93,-65.16,-69.62,Inf,-68.74,-67.46,-60.96,-60.92,-70.51,-55.36,-67.89,-69.42,Inf,-61.45,-71.01,-66.99,-69.52,-66.58,-69.94,Inf,-57.91,-65.33,-62.02,-68.53,-71.25,-70.40,-59.34,-69.64,Inf,-66.01,-63.82,-66.45,-66.28,-65.36,-63.93,-67.80,-69.85,-66.57,-65.11}
{Inf,-96.69,-85.36,-103.00,-106.97,-116.67,-126.00,-132.46;
-96.69,Inf,-103.00,-85.36,-116.67,-106.97,-132.46,-126.00;
-85.36,-103.00,Inf,-96.69,-85.36,-103.00,-106.97,-116.67;
-103.00,-85.36,-96.69,Inf,-103.00,-85.36,-116.67,-106.97;
-106.97,-116.67,-85.36,-103.00,Inf,-96.69,-85.36,-103.00;
-116.67,-106.97,-103.00,-85.36,-96.69,Inf,-103.00,-85.36;
-126.00,-132.46,-106.97,-116.67,-85.36,-103.00,Inf,-96.69;
-132.46,-126.00,-116.67,-106.97,-103.00,-85.36,-96.69,Inf}
 KOMONDOR SIMULATION 'sim_input_nodes_sce2a_deployment_23.csv' (seed 1992)
{219.03,24.88,25.65,55.37,55.14,57.98,263.19,49.15,35.87,59.83,58.60,59.75,79.56,2.61,3.00,18.74,11.37,1.31,11.29,2.92,16.67,11.67,149.91,23.27,32.18,3.23,16.90,31.56,30.95,4.38,5.45,2.00,163.12,11.29,20.51,26.19,23.65,3.84,27.11,3.38,12.90,17.59,16.67,109.29,3.30,24.27,22.04,19.28,4.53,14.67,3.00,5.07,5.61,7.53,271.64,19.12,63.51,58.98,66.28,63.74,195.69,1.61,39.94,31.80,2.69,38.40,37.48,43.78}
{0.85,2.06,2.06,2.67,3.10,2.00,0.88,1.75}
{Inf,-68.52,-69.32,-63.79,-60.42,-67.25,Inf,-60.39,-65.10,-61.71,-63.74,-70.26,Inf,-71.02,-71.25,-62.04,-68.34,-69.59,-66.86,-71.19,-61.87,-63.43,Inf,-61.33,-52.61,-70.04,-64.90,-51.41,-57.77,-71.06,-69.08,-68.94,Inf,-63.21,-64.67,-62.26,-63.53,-69.30,-56.69,-70.47,-65.31,-65.82,-63.46,Inf,-69.83,-53.64,-61.78,-60.87,-71.34,-64.88,-67.88,-71.21,-66.33,-71.36,Inf,-68.25,-66.07,-68.20,-58.34,-62.03,Inf,-70.48,-67.39,-69.78,-69.17,-52.81,-61.79,-62.65}
{Inf,-96.69,-85.36,-103.00,-106.97,-116.67,-126.00,-132.46;
-96.69,Inf,-103.00,-85.36,-116.67,-106.97,-132.46,-126.00;
-85.36,-103.00,Inf,-96.69,-85.36,-103.00,-106.97,-116.67;
-103.00,-85.36,-96.69,Inf,-103.00,-85.36,-116.67,-106.97;
-106.97,-116.67,-85.36,-103.00,Inf,-96.69,-85.36,-103.00;
-116.67,-106.97,-103.00,-85.36,-96.69,Inf,-103.00,-85.36;
-126.00,-132.46,-106.97,-116.67,-85.36,-103.00,Inf,-96.69;
-132.46,-126.00,-116.67,-106.97,-103.00,-85.36,-96.69,Inf}
 KOMONDOR SIMULATION 'sim_input_nodes_sce2a_deployment_24.csv' (seed 1992)
{292.30,38.02,57.75,55.68,57.68,58.06,25.11,205.59,22.04,20.04,22.73,13.98,4.38,30.41,32.87,32.95,1.92,24.27,109.52,2.53,2.61,30.49,3.00,19.51,8.52,9.14,13.98,19.74,90.39,33.64,3.53,2.76,43.47,4.61,2.38,100.84,5.15,18.43,0.46,15.21,13.98,14.59,9.52,20.04,3.46,179.94,26.19,30.49,3.15,19.74,12.06,23.27,13.13,12.75,27.42,11.75,87.01,1.92,21.73,5.30,3.07,13.06,4.22,16.97,4.68,16.05,132.40,22.50,1.61,22.27,4.22,2.92,22.12,1.61,22.81,14.75,17.59}
{7.95,-11.44,3.93,4.40,0.85,4.85,0.12,1.58}
{Inf,-65.81,-59.51,-60.19,-50.29,-62.30,-67.56,Inf,-58.36,-61.66,-69.36,-66.80,-70.51,-58.66,-56.59,-64.39,-71.31,-67.89,Inf,-65.98,-67.28,-56.27,-68.53,-60.80,-64.37,-68.92,-65.20,-67.37,Inf,-62.79,-71.15,-70.42,-55.43,-68.18,-69.75,Inf,-69.35,-65.12,-71.27,-63.97,-64.40,-65.98,-71.09,-63.65,-68.36,Inf,-59.68,-52.89,-70.97,-66.03,-67.61,-62.39,-67.93,-68.89,-58.43,-66.92,Inf,-70.80,-71.28,-70.62,-69.90,-66.35,-71.45,-60.53,-69.18,-65.00,Inf,-59.17,-69.77,-66.37,-66.92,-71.29,-71.22,-70.32,-71.31,-63.57,-70.81}
{Inf,-96.69,-85.36,-103.00,-106.97,-116.67,-126.00,-132.46;
-96.69,Inf,-103.00,-85.36,-116.67,-106.97,-132.46,-126.00;
-85.36,-103.00,Inf,-96.69,-85.36,-103.00,-106.97,-116.67;
-103.00,-85.36,-96.69,Inf,-103.00,-85.36,-116.67,-106.97;
-106.97,-116.67,-85.36,-103.00,Inf,-96.69,-85.36,-103.00;
-116.67,-106.97,-103.00,-85.36,-96.69,Inf,-103.00,-85.36;
-126.00,-132.46,-106.97,-116.67,-85.36,-103.00,Inf,-96.69;
-132.46,-126.00,-116.67,-106.97,-103.00,-85.36,-96.69,Inf}
 KOMONDOR SIMULATION 'sim_input_nodes_sce2a_deployment_25.csv' (seed 1992)
{314.50,30.72,18.59,49.61,53.38,51.76,56.68,53.76,196.45,34.33,34.10,8.99,3.15,32.03,20.51,28.57,34.79,87.86,45.93,1.54,7.07,20.81,12.52,167.88,19.89,39.86,42.70,60.44,4.99,97.15,4.84,4.38,14.13,24.96,15.21,1.69,7.60,24.35,155.60,7.45,46.00,42.16,54.30,5.68,228.56,41.93,26.57,13.59,15.21,44.08,45.24,41.93,167.50,3.99,33.87,14.13,35.40,34.18,13.52,32.41}
{4.46,2.91,2.30,4.42,1.38,5.65,1.26,0.00}
{Inf,-62.09,-70.20,-58.77,-58.30,-57.23,-55.75,-57.07,Inf,-62.40,-65.72,-69.49,-71.28,-64.88,-68.08,-69.40,-67.13,Inf,-60.77,-69.94,-69.22,-66.88,-65.61,Inf,-67.39,-64.98,-66.47,-50.24,-68.09,Inf,-66.96,-68.16,-65.94,-64.67,-66.73,-71.33,-67.48,-61.79,Inf,-67.15,-65.57,-64.15,-63.39,-70.89,Inf,-69.93,-69.41,-67.67,-65.88,-61.21,-55.08,-65.83,Inf,-70.72,-66.53,-65.96,-70.46,-67.74,-70.29,-65.16}
{Inf,-96.69,-85.36,-103.00,-106.97,-116.67,-126.00,-132.46;
-96.69,Inf,-103.00,-85.36,-116.67,-106.97,-132.46,-126.00;
-85.36,-103.00,Inf,-96.69,-85.36,-103.00,-106.97,-116.67;
-103.00,-85.36,-96.69,Inf,-103.00,-85.36,-116.67,-106.97;
-106.97,-116.67,-85.36,-103.00,Inf,-96.69,-85.36,-103.00;
-116.67,-106.97,-103.00,-85.36,-96.69,Inf,-103.00,-85.36;
-126.00,-132.46,-106.97,-116.67,-85.36,-103.00,Inf,-96.69;
-132.46,-126.00,-116.67,-106.97,-103.00,-85.36,-96.69,Inf}
 KOMONDOR SIMULATION 'sim_input_nodes_sce2a_deployment_26.csv' (seed 1992)
{115.66,7.30,4.07,2.92,31.03,3.07,1.54,22.81,12.52,30.41,226.87,32.79,4.92,32.87,18.89,32.33,34.02,4.68,35.25,31.10,148.84,3.99,22.43,15.51,22.73,24.50,29.72,5.38,24.58,97.54,3.99,2.69,4.92,13.59,5.38,17.51,19.66,1.69,28.11,84.17,4.30,3.38,20.74,13.36,33.41,4.61,4.38,84.02,6.99,30.18,4.61,8.06,28.72,5.45,331.24,57.06,28.11,55.14,55.68,54.99,49.77,30.49,212.81,42.24,38.94,34.79,33.41,36.71,5.61,21.12}
{0.97,1.28,9.35,1.67,3.43,0.74,2.56,3.20}
{Inf,-68.04,-70.79,-69.62,-63.68,-70.81,-71.43,-61.24,-68.69,-60.96,Inf,-62.49,-68.11,-68.48,-64.35,-62.39,-69.21,-69.52,-57.57,-69.27,Inf,-70.30,-62.10,-67.43,-63.87,-57.01,-61.11,-69.18,-62.87,Inf,-67.90,-70.50,-67.51,-66.35,-70.01,-67.96,-62.15,-70.55,-56.80,Inf,-71.37,-69.12,-63.27,-65.76,-55.14,-69.19,-68.84,Inf,-66.91,-64.94,-69.08,-65.93,-61.93,-69.91,Inf,-53.74,-67.15,-52.47,-61.37,-52.63,-65.61,-63.75,Inf,-62.21,-67.29,-63.29,-58.05,-65.00,-71.12,-67.72}
{Inf,-96.69,-85.36,-103.00,-106.97,-116.67,-126.00,-132.46;
-96.69,Inf,-103.00,-85.36,-116.67,-106.97,-132.46,-126.00;
-85.36,-103.00,Inf,-96.69,-85.36,-103.00,-106.97,-116.67;
-103.00,-85.36,-96.69,Inf,-103.00,-85.36,-116.67,-106.97;
-106.97,-116.67,-85.36,-103.00,Inf,-96.69,-85.36,-103.00;
-116.67,-106.97,-103.00,-85.36,-96.69,Inf,-103.00,-85.36;
-126.00,-132.46,-106.97,-116.67,-85.36,-103.00,Inf,-96.69;
-132.46,-126.00,-116.67,-106.97,-103.00,-85.36,-96.69,Inf}
 KOMONDOR SIMULATION 'sim_input_nodes_sce2a_deployment_27.csv' (seed 1992)
{364.49,70.58,63.21,76.88,75.11,78.72,141.85,37.09,5.07,5.61,22.73,37.79,14.98,18.59,104.76,2.30,4.84,22.50,29.03,27.03,17.13,1.92,65.28,12.83,5.07,1.92,3.15,19.89,3.53,0.69,5.30,12.90,156.13,3.00,2.23,38.09,11.52,23.50,30.26,22.27,25.27,183.48,12.06,51.76,27.57,46.69,5.53,39.86,275.64,40.93,30.72,34.56,33.10,40.78,30.49,36.02,29.03,122.50,5.99,21.12,32.87,3.69,21.43,15.28,3.15,18.97}
{1.70,1.27,0.73,0.49,2.40,2.31,2.93,0.97}
{Inf,-64.79,-69.67,-64.41,-57.88,-53.90,Inf,-62.27,-71.27,-70.80,-64.76,-52.83,-69.64,-67.56,Inf,-68.21,-68.76,-65.24,-62.48,-63.47,-65.93,-70.10,Inf,-68.05,-69.25,-70.76,-69.18,-62.09,-70.74,-71.24,-68.83,-64.94,Inf,-68.20,-70.96,-58.23,-68.45,-65.92,-63.73,-62.76,-62.38,Inf,-66.45,-52.49,-63.67,-57.95,-69.78,-68.79,Inf,-60.39,-71.24,-56.86,-62.27,-68.79,-67.73,-64.30,-67.13,Inf,-67.35,-70.37,-63.82,-70.83,-68.92,-69.84,-70.31,-60.52}
{Inf,-96.69,-85.36,-103.00,-106.97,-116.67,-126.00,-132.46;
-96.69,Inf,-103.00,-85.36,-116.67,-106.97,-132.46,-126.00;
-85.36,-103.00,Inf,-96.69,-85.36,-103.00,-106.97,-116.67;
-103.00,-85.36,-96.69,Inf,-103.00,-85.36,-116.67,-106.97;
-106.97,-116.67,-85.36,-103.00,Inf,-96.69,-85.36,-103.00;
-116.67,-106.97,-103.00,-85.36,-96.69,Inf,-103.00,-85.36;
-126.00,-132.46,-106.97,-116.67,-85.36,-103.00,Inf,-96.69;
-132.46,-126.00,-116.67,-106.97,-103.00,-85.36,-96.69,Inf}
 KOMONDOR SIMULATION 'sim_input_nodes_sce2a_deployment_28.csv' (seed 1992)
{198.14,4.38,36.79,38.17,24.81,28.65,29.95,6.30,29.11,173.49,27.49,16.90,26.34,36.48,35.33,6.76,24.19,51.84,20.12,2.07,18.43,1.84,9.37,120.65,20.66,19.74,16.59,45.31,18.36,80.26,8.37,33.56,3.07,5.15,5.38,24.73,104.06,3.92,24.50,45.77,4.99,24.88,159.44,8.83,26.42,16.97,27.11,19.20,20.51,34.71,3.76,1.92,194.84,12.83,31.95,16.20,19.12,4.30,17.28,21.66,34.79,36.71}
{0.53,0.36,0.91,0.18,0.38,1.61,0.97,1.56}
{Inf,-69.82,-52.92,-47.94,-63.94,-67.23,-71.03,-70.50,-65.12,Inf,-71.27,-69.56,-69.94,-64.54,-59.32,-70.91,-70.52,Inf,-65.48,-71.07,-66.01,-71.19,-68.62,Inf,-70.33,-65.56,-67.85,-67.25,-69.57,Inf,-66.91,-63.73,-69.20,-69.03,-68.47,-64.95,Inf,-70.53,-67.39,-57.99,-71.09,-62.24,Inf,-69.31,-69.98,-71.02,-69.91,-60.91,-63.26,-63.75,-69.81,-70.96,Inf,-70.37,-62.33,-66.02,-67.68,-69.28,-68.08,-57.27,-56.84,-58.29}
{Inf,-96.69,-85.36,-103.00,-106.97,-116.67,-126.00,-132.46;
-96.69,Inf,-103.00,-85.36,-116.67,-106.97,-132.46,-126.00;
-85.36,-103.00,Inf,-96.69,-85.36,-103.00,-106.97,-116.67;
-103.00,-85.36,-96.69,Inf,-103.00,-85.36,-116.67,-106.97;
-106.97,-116.67,-85.36,-103.00,Inf,-96.69,-85.36,-103.00;
-116.67,-106.97,-103.00,-85.36,-96.69,Inf,-103.00,-85.36;
-126.00,-132.46,-106.97,-116.67,-85.36,-103.00,Inf,-96.69;
-132.46,-126.00,-116.67,-106.97,-103.00,-85.36,-96.69,Inf}
 KOMONDOR SIMULATION 'sim_input_nodes_sce2a_deployment_29.csv' (seed 1992)
{248.45,35.02,34.79,19.12,19.51,24.73,21.50,29.72,25.19,2.84,36.02,103.07,20.51,4.53,21.43,13.90,19.05,3.61,2.46,13.90,3.69,75.96,3.23,20.97,16.28,28.80,2.84,0.08,3.76,118.58,38.78,30.80,32.87,11.90,2.15,2.07,137.78,1.15,50.69,14.05,48.08,23.81,125.88,31.10,8.37,46.16,20.81,19.43,124.03,12.98,12.29,10.75,10.98,28.49,23.88,0.31,11.90,8.37,4.07,196.53,35.56,33.79,13.13,5.15,18.66,13.13,11.06,30.80,35.25}
{1.31,0.95,1.96,8.37,3.03,4.91,0.00,1.46}
{Inf,-67.33,-53.54,-68.07,-65.74,-62.95,-57.58,-66.54,-63.80,-67.12,-56.40,Inf,-64.75,-71.39,-68.20,-67.35,-64.73,-70.50,-69.91,-69.32,-68.43,Inf,-67.61,-66.83,-64.80,-59.20,-70.74,-70.94,-71.25,Inf,-61.66,-61.42,-61.03,-67.53,-70.19,-69.71,Inf,-71.04,-61.72,-65.70,-60.13,-66.08,Inf,-65.84,-66.89,-62.06,-64.48,-67.52,Inf,-69.29,-66.12,-64.83,-68.14,-67.61,-67.12,-70.59,-65.16,-69.12,-67.51,Inf,-60.68,-57.62,-67.31,-67.08,-64.95,-67.26,-67.34,-66.89,-64.24}
{Inf,-96.69,-85.36,-103.00,-106.97,-116.67,-126.00,-132.46;
-96.69,Inf,-103.00,-85.36,-116.67,-106.97,-132.46,-126.00;
-85.36,-103.00,Inf,-96.69,-85.36,-103.00,-106.97,-116.67;
-103.00,-85.36,-96.69,Inf,-103.00,-85.36,-116.67,-106.97;
-106.97,-116.67,-85.36,-103.00,Inf,-96.69,-85.36,-103.00;
-116.67,-106.97,-103.00,-85.36,-96.69,Inf,-103.00,-85.36;
-126.00,-132.46,-106.97,-116.67,-85.36,-103.00,Inf,-96.69;
-132.46,-126.00,-116.67,-106.97,-103.00,-85.36,-96.69,Inf}
 KOMONDOR SIMULATION 'sim_input_nodes_sce2a_deployment_30.csv' (seed 1992)
{172.11,3.30,30.49,36.02,10.68,26.42,35.64,28.49,1.08,218.96,42.09,25.73,32.49,59.60,59.06,189.24,17.66,57.45,52.30,56.37,5.45,141.54,26.65,19.43,3.30,13.44,33.79,33.10,3.07,4.61,4.15,116.12,5.61,2.76,10.60,4.45,11.14,35.17,19.20,27.19,102.84,3.84,22.43,21.04,15.59,9.68,9.75,3.38,3.84,10.21,3.07,95.23,3.61,21.81,14.21,22.50,13.82,3.61,3.84,1.38,8.45,2.00,189.77,8.52,60.83,9.06,52.07,59.29}
{0.85,2.22,7.58,2.70,3.82,1.22,0.68,1.23}
{Inf,-68.21,-69.20,-61.27,-69.34,-68.81,-60.06,-59.47,-71.23,Inf,-67.77,-71.37,-69.31,-56.38,-66.55,Inf,-69.35,-54.05,-57.81,-61.07,-70.96,Inf,-64.41,-63.52,-66.60,-69.64,-53.59,-62.00,-69.95,-68.94,-69.08,Inf,-70.91,-70.38,-66.40,-68.58,-65.84,-55.01,-62.03,-56.73,Inf,-70.08,-60.43,-58.28,-66.42,-66.55,-71.17,-69.29,-70.17,-65.14,-69.22,Inf,-70.43,-68.63,-64.12,-67.87,-71.14,-68.87,-70.54,-71.32,-65.79,-70.87,Inf,-69.16,-65.24,-69.13,-62.57,-56.40}
{Inf,-96.69,-85.36,-103.00,-106.97,-116.67,-126.00,-132.46;
-96.69,Inf,-103.00,-85.36,-116.67,-106.97,-132.46,-126.00;
-85.36,-103.00,Inf,-96.69,-85.36,-103.00,-106.97,-116.67;
-103.00,-85.36,-96.69,Inf,-103.00,-85.36,-116.67,-106.97;
-106.97,-116.67,-85.36,-103.00,Inf,-96.69,-85.36,-103.00;
-116.67,-106.97,-103.00,-85.36,-96.69,Inf,-103.00,-85.36;
-126.00,-132.46,-106.97,-116.67,-85.36,-103.00,Inf,-96.69;
-132.46,-126.00,-116.67,-106.97,-103.00,-85.36,-96.69,Inf}
 KOMONDOR SIMULATION 'sim_input_nodes_sce2a_deployment_31.csv' (seed 1992)
{144.00,3.15,33.56,4.92,31.56,3.76,20.81,22.35,23.88,192.46,27.80,24.12,27.19,25.27,1.46,30.80,4.22,25.80,3.53,22.27,136.70,36.33,8.91,41.78,39.01,5.84,4.84,75.80,1.00,3.69,8.14,23.27,3.92,4.53,1.61,3.15,22.27,4.22,70.50,4.15,3.84,3.84,0.92,31.95,13.29,3.23,9.29,201.60,23.96,5.07,22.12,23.19,27.72,0.92,21.58,29.26,29.41,18.36,187.01,21.04,16.82,36.25,39.01,34.71,35.87,3.30,209.20,32.87,35.48,8.37,4.22,4.07,22.89,30.80,35.71,34.79}
{0.50,1.55,4.65,2.49,0.91,3.65,0.73,2.40}
{Inf,-70.98,-63.22,-70.57,-68.37,-70.76,-64.17,-64.15,-66.87,Inf,-68.45,-63.37,-62.40,-62.69,-70.42,-54.53,-70.29,-54.58,-71.05,-71.25,Inf,-60.90,-68.99,-64.05,-63.45,-69.36,-69.71,Inf,-71.01,-66.82,-68.08,-60.80,-71.44,-67.51,-70.28,-67.70,-50.84,-69.33,Inf,-67.38,-68.45,-68.80,-71.07,-54.86,-67.47,-69.63,-69.40,Inf,-62.80,-71.29,-64.26,-61.14,-60.44,-71.40,-68.65,-62.63,-61.41,-62.87,Inf,-68.82,-66.51,-67.84,-57.93,-64.25,-70.29,-69.76,Inf,-63.99,-64.12,-70.99,-67.68,-66.69,-65.14,-62.69,-57.59,-60.71}
{Inf,-96.69,-85.36,-103.00,-106.97,-116.67,-126.00,-132.46;
-96.69,Inf,-103.00,-85.36,-116.67,-106.97,-132.46,-126.00;
-85.36,-103.00,Inf,-96.69,-85.36,-103.00,-106.97,-116.67;
-103.00,-85.36,-96.69,Inf,-103.00,-85.36,-116.67,-106.97;
-106.97,-116.67,-85.36,-103.00,Inf,-96.69,-85.36,-103.00;
-116.67,-106.97,-103.00,-85.36,-96.69,Inf,-103.00,-85.36;
-126.00,-132.46,-106.97,-116.67,-85.36,-103.00,Inf,-96.69;
-132.46,-126.00,-116.67,-106.97,-103.00,-85.36,-96.69,Inf}
 KOMONDOR SIMULATION 'sim_input_nodes_sce2a_deployment_32.csv' (seed 1992)
{209.43,3.53,32.26,30.26,1.31,10.44,25.80,34.33,35.33,36.17,191.39,25.04,11.83,1.92,19.81,29.34,39.01,31.49,32.95,47.23,4.30,19.20,14.52,0.69,8.52,115.20,4.61,25.96,11.75,25.27,10.83,10.75,10.91,4.22,2.30,8.60,269.18,52.68,51.53,49.31,43.70,14.13,28.88,28.95,165.43,4.92,30.49,5.22,41.24,43.16,5.30,35.10,209.97,12.98,1.92,4.99,29.18,26.42,34.56,35.02,32.03,32.87,162.51,49.92,7.07,48.38,24.35,25.19,7.60}
{2.92,2.43,0.59,3.46,12.33,4.06,6.47,0.53}
{Inf,-66.50,-50.27,-60.85,-71.31,-69.09,-71.44,-67.11,-52.39,-59.99,Inf,-56.35,-70.39,-70.13,-70.63,-66.20,-61.71,-60.90,-59.47,Inf,-69.22,-64.16,-65.15,-70.66,-67.26,Inf,-69.30,-61.36,-65.56,-57.05,-67.07,-69.76,-65.41,-67.22,-66.68,-66.57,Inf,-56.89,-53.60,-52.65,-60.31,-68.25,-64.39,-63.20,Inf,-70.33,-61.46,-66.44,-60.14,-52.09,-70.01,-57.78,Inf,-62.91,-71.41,-67.18,-57.13,-60.82,-55.69,-66.88,-53.60,-70.12,Inf,-49.34,-68.62,-66.45,-65.78,-69.42,-70.70}
{Inf,-96.69,-85.36,-103.00,-106.97,-116.67,-126.00,-132.46;
-96.69,Inf,-103.00,-85.36,-116.67,-106.97,-132.46,-126.00;
-85.36,-103.00,Inf,-96.69,-85.36,-103.00,-106.97,-116.67;
-103.00,-85.36,-96.69,Inf,-103.00,-85.36,-116.67,-106.97;
-106.97,-116.67,-85.36,-103.00,Inf,-96.69,-85.36,-103.00;
-116.67,-106.97,-103.00,-85.36,-96.69,Inf,-103.00,-85.36;
-126.00,-132.46,-106.97,-116.67,-85.36,-103.00,Inf,-96.69;
-132.46,-126.00,-116.67,-106.97,-103.00,-85.36,-96.69,Inf}
 KOMONDOR SIMULATION 'sim_input_nodes_sce2a_deployment_33.csv' (seed 1992)
{202.91,38.25,13.21,40.09,18.74,7.99,29.49,33.64,21.50,316.80,63.74,59.98,64.05,66.36,62.67,146.84,16.59,22.96,2.76,30.11,32.41,42.01,137.32,0.31,19.28,1.84,30.34,17.13,34.94,31.18,2.30,52.68,0.54,1.61,2.69,0.54,3.84,5.30,2.46,0.08,15.82,19.81,123.26,39.01,3.53,22.81,5.53,52.38,224.49,47.69,36.63,30.49,21.73,39.71,48.23,167.42,33.72,6.30,5.45,45.93,37.56,38.48}
{0.84,1.45,2.31,2.91,3.47,3.64,1.70,1.09}
{Inf,-64.37,-65.27,-56.41,-64.71,-68.37,-67.75,-68.22,-70.19,Inf,-48.95,-64.17,-67.66,-70.17,-60.79,Inf,-66.90,-67.40,-68.37,-69.06,-63.83,-59.87,Inf,-70.66,-69.05,-70.45,-60.87,-66.04,-61.28,-60.80,-69.27,Inf,-70.45,-68.94,-68.99,-70.98,-68.42,-68.77,-70.03,-71.04,-61.17,-58.26,Inf,-61.69,-70.56,-66.38,-67.42,-60.43,Inf,-60.90,-70.42,-65.55,-67.27,-69.42,-60.39,Inf,-63.02,-70.74,-68.24,-60.12,-67.01,-68.61}
{Inf,-96.69,-85.36,-103.00,-106.97,-116.67,-126.00,-132.46;
-96.69,Inf,-103.00,-85.36,-116.67,-106.97,-132.46,-126.00;
-85.36,-103.00,Inf,-96.69,-85.36,-103.00,-106.97,-116.67;
-103.00,-85.36,-96.69,Inf,-103.00,-85.36,-116.67,-106.97;
-106.97,-116.67,-85.36,-103.00,Inf,-96.69,-85.36,-103.00;
-116.67,-106.97,-103.00,-85.36,-96.69,Inf,-103.00,-85.36;
-126.00,-132.46,-106.97,-116.67,-85.36,-103.00,Inf,-96.69;
-132.46,-126.00,-116.67,-106.97,-103.00,-85.36,-96.69,Inf}
 KOMONDOR SIMULATION 'sim_input_nodes_sce2a_deployment_34.csv' (seed 1992)
{191.00,16.36,23.42,21.81,24.88,17.43,29.80,26.88,28.72,1.69,296.22,38.17,38.63,28.11,23.27,39.78,36.56,29.03,40.01,22.66,57.45,27.65,12.13,4.99,5.99,6.68,165.81,1.84,40.40,32.10,27.34,16.36,20.66,11.75,15.36,151.68,7.14,2.38,24.27,16.67,3.07,7.37,11.14,28.88,25.80,24.96,86.48,29.49,0.92,2.69,4.76,0.61,25.42,12.44,4.53,5.61,226.64,41.55,39.63,13.82,43.32,41.70,44.24,2.38,124.19,31.56,6.84,20.35,30.95,4.92,16.36,13.21}
{0.24,2.60,0.68,2.79,1.46,3.16,0.30,0.00}
{Inf,-65.02,-68.20,-66.22,-68.27,-69.50,-66.03,-68.79,-63.31,-70.68,Inf,-65.29,-64.61,-67.79,-61.79,-61.81,-55.90,-65.90,-57.95,-68.97,Inf,-64.10,-67.99,-69.96,-70.49,-69.30,Inf,-68.40,-55.14,-61.03,-64.07,-67.78,-64.63,-69.19,-65.14,Inf,-69.38,-70.90,-64.85,-66.54,-70.00,-69.30,-69.03,-61.25,-63.02,-62.45,Inf,-50.90,-70.43,-66.84,-66.70,-70.10,-54.11,-69.18,-67.85,-68.89,Inf,-70.46,-67.63,-68.82,-64.78,-58.00,-62.74,-70.09,Inf,-68.50,-71.33,-69.99,-70.98,-70.61,-68.62,-66.15}
{Inf,-96.69,-85.36,-103.00,-106.97,-116.67,-126.00,-132.46;
-96.69,Inf,-103.00,-85.36,-116.67,-106.97,-132.46,-126.00;
-85.36,-103.00,Inf,-96.69,-85.36,-103.00,-106.97,-116.67;
-103.00,-85.36,-96.69,Inf,-103.00,-85.36,-116.67,-106.97;
-106.97,-116.67,-85.36,-103.00,Inf,-96.69,-85.36,-103.00;
-116.67,-106.97,-103.00,-85.36,-96.69,Inf,-103.00,-85.36;
-126.00,-132.46,-106.97,-116.67,-85.36,-103.00,Inf,-96.69;
-132.46,-126.00,-116.67,-106.97,-103.00,-85.36,-96.69,Inf}
 KOMONDOR SIMULATION 'sim_input_nodes_sce2a_deployment_35.csv' (seed 1992)
{205.29,26.04,30.72,18.66,29.03,39.32,28.11,33.41,136.40,13.52,20.74,19.43,11.90,13.21,38.02,17.36,2.23,86.63,6.14,18.89,4.92,3.15,2.38,13.13,17.51,12.21,4.84,3.46,213.50,42.47,27.11,40.78,31.41,3.99,3.38,20.35,44.01,199.76,3.61,2.00,29.72,26.57,18.05,17.66,29.18,27.88,22.81,22.27,70.96,14.98,4.07,5.30,12.44,27.26,1.92,3.61,1.38,218.27,40.55,28.88,33.02,24.96,12.06,37.86,40.93,116.20,0.84,1.69,36.48,29.18,2.00,18.12,27.88}
{0.27,1.42,3.21,4.11,4.31,1.46,0.37,0.27}
{Inf,-64.22,-64.21,-69.62,-64.62,-70.57,-62.57,-63.86,Inf,-69.35,-59.86,-61.59,-68.31,-67.02,-57.02,-69.23,-71.29,Inf,-65.76,-59.70,-67.50,-67.66,-69.52,-65.01,-62.26,-64.44,-68.36,-66.68,Inf,-52.37,-66.34,-52.04,-63.19,-67.89,-69.38,-68.21,-53.66,Inf,-69.20,-67.16,-61.97,-63.59,-69.83,-63.94,-51.47,-62.79,-59.04,-62.56,Inf,-66.43,-69.73,-70.01,-68.92,-57.97,-69.98,-71.24,-70.92,Inf,-65.90,-65.17,-57.14,-65.76,-71.44,-67.40,-68.46,Inf,-71.05,-70.35,-57.71,-66.48,-70.76,-69.93,-67.74}
{Inf,-96.69,-85.36,-103.00,-106.97,-116.67,-126.00,-132.46;
-96.69,Inf,-103.00,-85.36,-116.67,-106.97,-132.46,-126.00;
-85.36,-103.00,Inf,-96.69,-85.36,-103.00,-106.97,-116.67;
-103.00,-85.36,-96.69,Inf,-103.00,-85.36,-116.67,-106.97;
-106.97,-116.67,-85.36,-103.00,Inf,-96.69,-85.36,-103.00;
-116.67,-106.97,-103.00,-85.36,-96.69,Inf,-103.00,-85.36;
-126.00,-132.46,-106.97,-116.67,-85.36,-103.00,Inf,-96.69;
-132.46,-126.00,-116.67,-106.97,-103.00,-85.36,-96.69,Inf}
 KOMONDOR SIMULATION 'sim_input_nodes_sce2a_deployment_36.csv' (seed 1992)
{242.53,50.38,43.47,3.38,52.22,47.39,45.70,159.21,14.28,25.42,37.71,36.48,5.45,34.25,5.61,116.74,3.07,9.06,31.49,34.94,13.59,3.38,21.20,153.91,24.27,17.43,24.96,2.84,19.35,23.04,10.75,1.46,3.38,26.42,170.19,8.06,4.30,31.87,34.10,28.11,1.08,32.87,4.99,24.81,100.53,22.04,35.10,6.07,2.30,18.43,16.59,223.41,24.04,25.34,22.96,23.81,45.47,21.27,40.93,19.58,86.32,4.22,1.92,1.92,2.46,9.22,1.54,9.22,24.27,3.92,27.65}
{0.75,-14.13,3.76,2.96,7.29,3.88,1.27,2.72}
{Inf,-53.43,-67.75,-70.07,-70.61,-59.71,-60.56,Inf,-71.36,-59.01,-56.16,-66.20,-71.02,-66.36,-70.43,Inf,-69.75,-69.02,-62.82,-59.49,-66.06,-70.71,-63.78,Inf,-62.47,-65.47,-59.86,-71.20,-61.75,-65.05,-67.36,-70.44,-67.37,-54.34,Inf,-66.68,-67.22,-58.08,-53.45,-60.98,-71.32,-55.99,-68.26,-61.24,Inf,-63.96,-59.96,-69.08,-71.17,-66.71,-67.22,Inf,-66.36,-62.24,-64.09,-65.86,-59.41,-67.36,-61.30,-66.22,Inf,-68.86,-70.56,-69.38,-71.17,-65.68,-69.98,-67.03,-53.65,-67.71,-56.09}
{Inf,-96.69,-85.36,-103.00,-106.97,-116.67,-126.00,-132.46;
-96.69,Inf,-103.00,-85.36,-116.67,-106.97,-132.46,-126.00;
-85.36,-103.00,Inf,-96.69,-85.36,-103.00,-106.97,-116.67;
-103.00,-85.36,-96.69,Inf,-103.00,-85.36,-116.67,-106.97;
-106.97,-116.67,-85.36,-103.00,Inf,-96.69,-85.36,-103.00;
-116.67,-106.97,-103.00,-85.36,-96.69,Inf,-103.00,-85.36;
-126.00,-132.46,-106.97,-116.67,-85.36,-103.00,Inf,-96.69;
-132.46,-126.00,-116.67,-106.97,-103.00,-85.36,-96.69,Inf}
 KOMONDOR SIMULATION 'sim_input_nodes_sce2a_deployment_37.csv' (seed 1992)
{206.05,20.66,27.19,27.72,28.19,27.19,19.97,27.49,14.05,13.59,174.87,28.95,29.18,28.19,4.22,2.53,3.15,20.89,32.03,25.73,85.09,4.45,2.92,7.45,17.28,15.59,2.69,33.95,0.77,109.82,8.91,21.66,4.84,3.92,28.72,16.97,14.36,2.07,8.37,121.04,14.36,27.49,0.92,23.73,0.84,25.11,16.67,7.91,3.99,129.02,6.14,42.70,58.52,18.36,3.30,145.92,5.91,12.13,32.87,4.61,6.68,18.51,19.51,30.80,14.90,278.48,33.48,29.80,28.95,32.33,25.34,18.66,20.28,31.95,31.49,26.19}
{1.09,0.43,0.53,2.06,4.07,5.39,1.22,4.63}
{Inf,-68.63,-67.38,-67.14,-70.07,-59.19,-71.08,-59.62,-67.17,-71.27,Inf,-52.02,-69.98,-67.07,-68.12,-70.32,-71.23,-63.28,-66.52,-69.40,Inf,-69.42,-71.46,-68.52,-66.38,-65.96,-71.05,-51.72,-71.10,Inf,-66.97,-63.45,-69.10,-71.37,-65.40,-64.01,-66.40,-68.26,-66.11,Inf,-68.16,-53.49,-70.24,-59.21,-71.36,-61.53,-64.13,-67.28,-67.56,Inf,-69.14,-62.10,-57.88,-66.54,-69.68,Inf,-69.63,-67.15,-58.30,-71.18,-68.50,-64.15,-61.70,-64.94,-70.87,Inf,-68.76,-63.74,-71.43,-56.15,-63.22,-69.95,-64.36,-65.57,-68.62,-57.40}
{Inf,-96.69,-85.36,-103.00,-106.97,-116.67,-126.00,-132.46;
-96.69,Inf,-103.00,-85.36,-116.67,-106.97,-132.46,-126.00;
-85.36,-103.00,Inf,-96.69,-85.36,-103.00,-106.97,-116.67;
-103.00,-85.36,-96.69,Inf,-103.00,-85.36,-116.67,-106.97;
-106.97,-116.67,-85.36,-103.00,Inf,-96.69,-85.36,-103.00;
-116.67,-106.97,-103.00,-85.36,-96.69,Inf,-103.00,-85.36;
-126.00,-132.46,-106.97,-116.67,-85.36,-103.00,Inf,-96.69;
-132.46,-126.00,-116.67,-106.97,-103.00,-85.36,-96.69,Inf}
 KOMONDOR SIMULATION 'sim_input_nodes_sce2a_deployment_38.csv' (seed 1992)
{167.35,6.99,34.64,3.53,19.74,25.73,36.71,7.53,26.50,5.99,224.03,46.08,43.47,9.45,46.54,28.19,3.69,46.62,50.30,3.76,2.92,8.14,9.45,3.76,1.84,11.37,9.06,254.82,40.01,32.95,43.47,52.68,26.80,58.91,114.89,3.84,34.10,3.69,1.77,28.57,20.81,3.38,18.74,58.60,22.04,0.54,1.15,6.07,16.13,12.67,206.13,42.70,5.22,46.46,63.74,48.00,95.77,19.05,15.97,5.84,2.53,6.45,17.13,28.80}
{1.27,5.50,0.00,3.85,1.40,2.45,0.65,0.36}
{Inf,-67.94,-54.78,-69.14,-55.42,-65.20,-60.55,-67.33,-65.52,-69.60,Inf,-56.65,-68.58,-69.10,-62.15,-67.76,-68.20,-63.69,Inf,-69.51,-70.05,-66.75,-65.12,-67.21,-71.06,-68.21,-70.05,Inf,-66.79,-64.80,-66.02,-59.36,-64.14,-52.91,Inf,-69.09,-48.75,-69.49,-69.98,-63.24,-65.09,-71.31,-66.34,Inf,-64.90,-70.59,-69.77,-71.16,-65.27,-65.47,Inf,-60.30,-69.80,-67.59,-55.37,-69.34,Inf,-63.76,-66.53,-70.21,-70.09,-69.58,-66.95,-64.72}
{Inf,-96.69,-85.36,-103.00,-106.97,-116.67,-126.00,-132.46;
-96.69,Inf,-103.00,-85.36,-116.67,-106.97,-132.46,-126.00;
-85.36,-103.00,Inf,-96.69,-85.36,-103.00,-106.97,-116.67;
-103.00,-85.36,-96.69,Inf,-103.00,-85.36,-116.67,-106.97;
-106.97,-116.67,-85.36,-103.00,Inf,-96.69,-85.36,-103.00;
-116.67,-106.97,-103.00,-85.36,-96.69,Inf,-103.00,-85.36;
-126.00,-132.46,-106.97,-116.67,-85.36,-103.00,Inf,-96.69;
-132.46,-126.00,-116.67,-106.97,-103.00,-85.36,-96.69,Inf}
 KOMONDOR SIMULATION 'sim_input_nodes_sce2a_deployment_39.csv' (seed 1992)
{272.49,32.49,28.88,22.20,39.40,40.78,4.45,40.86,26.11,37.32,197.07,27.80,23.96,20.04,14.98,15.51,23.27,23.73,16.51,26.80,4.45,93.00,14.67,29.95,7.76,4.38,21.12,15.13,38.78,11.83,8.45,6.37,6.22,5.91,115.97,4.15,8.76,16.05,14.52,39.71,2.69,30.11,131.48,5.76,40.86,6.76,48.08,30.03,141.08,19.12,17.36,2.84,27.72,35.25,33.72,3.76,1.31,263.65,35.87,31.80,37.86,35.64,37.86,10.14,3.07,33.02,38.40}
{2.32,0.77,2.18,0.00,3.80,2.56,0.00,1.80}
{Inf,-60.25,-57.71,-64.56,-59.54,-50.82,-68.18,-65.60,-54.58,-61.56,Inf,-66.91,-70.27,-71.33,-67.62,-66.82,-64.71,-60.14,-64.34,-63.11,-69.02,Inf,-68.66,-64.34,-67.83,-68.23,-65.28,-65.10,Inf,-66.76,-71.40,-67.67,-70.61,-69.52,Inf,-68.51,-67.90,-69.43,-70.64,-52.29,-69.94,-60.59,Inf,-71.19,-60.41,-70.53,-54.95,-70.42,Inf,-68.12,-64.70,-69.47,-67.19,-63.68,-65.30,-70.74,-70.82,Inf,-65.01,-60.86,-64.77,-65.70,-67.11,-69.45,-68.48,-51.39,-60.57}
{Inf,-96.69,-85.36,-103.00,-106.97,-116.67,-126.00,-132.46;
-96.69,Inf,-103.00,-85.36,-116.67,-106.97,-132.46,-126.00;
-85.36,-103.00,Inf,-96.69,-85.36,-103.00,-106.97,-116.67;
-103.00,-85.36,-96.69,Inf,-103.00,-85.36,-116.67,-106.97;
-106.97,-116.67,-85.36,-103.00,Inf,-96.69,-85.36,-103.00;
-116.67,-106.97,-103.00,-85.36,-96.69,Inf,-103.00,-85.36;
-126.00,-132.46,-106.97,-116.67,-85.36,-103.00,Inf,-96.69;
-132.46,-126.00,-116.67,-106.97,-103.00,-85.36,-96.69,Inf}
 KOMONDOR SIMULATION 'sim_input_nodes_sce2a_deployment_40.csv' (seed 1992)
{234.78,66.05,25.65,30.41,69.73,42.93,200.45,3.76,22.35,32.56,33.25,37.79,8.91,27.80,34.02,81.95,7.99,14.67,8.29,13.29,3.15,34.56,159.90,15.05,2.15,28.03,30.80,31.72,5.68,35.64,10.83,113.36,18.66,4.38,13.52,32.26,3.15,3.69,37.71,71.81,4.92,17.43,0.46,22.12,3.92,11.06,3.92,7.99,138.39,4.92,9.83,49.61,50.23,3.07,20.74,189.54,16.36,16.20,32.18,31.72,30.11,28.80,31.18,3.00}
{1.68,3.76,2.31,2.18,2.24,1.68,1.68,6.79}
{Inf,-53.78,-70.09,-65.97,-62.62,-63.91,Inf,-68.44,-64.14,-62.05,-62.46,-65.93,-70.15,-69.94,-59.97,Inf,-71.10,-65.54,-68.79,-66.12,-69.25,-59.91,Inf,-66.92,-70.69,-60.82,-66.40,-62.68,-66.75,-63.26,-67.99,Inf,-69.54,-70.66,-65.89,-61.14,-71.32,-68.65,-50.10,Inf,-68.30,-64.21,-70.84,-65.03,-68.45,-65.32,-66.55,-66.64,Inf,-70.48,-68.65,-60.00,-55.73,-69.93,-67.33,Inf,-65.71,-70.17,-61.61,-59.85,-61.41,-61.34,-69.65,-69.72}
{Inf,-96.69,-85.36,-103.00,-106.97,-116.67,-126.00,-132.46;
-96.69,Inf,-103.00,-85.36,-116.67,-106.97,-132.46,-126.00;
-85.36,-103.00,Inf,-96.69,-85.36,-103.00,-106.97,-116.67;
-103.00,-85.36,-96.69,Inf,-103.00,-85.36,-116.67,-106.97;
-106.97,-116.67,-85.36,-103.00,Inf,-96.69,-85.36,-103.00;
-116.67,-106.97,-103.00,-85.36,-96.69,Inf,-103.00,-85.36;
-126.00,-132.46,-106.97,-116.67,-85.36,-103.00,Inf,-96.69;
-132.46,-126.00,-116.67,-106.97,-103.00,-85.36,-96.69,Inf}
 KOMONDOR SIMULATION 'sim_input_nodes_sce2a_deployment_41.csv' (seed 1992)
{239.85,17.89,34.10,31.41,15.51,25.42,19.28,16.05,30.64,32.10,17.43,269.57,61.13,33.41,55.37,64.13,55.53,102.07,9.75,11.14,32.49,1.38,3.99,40.09,3.23,111.51,41.40,6.22,18.59,6.30,5.91,33.10,155.29,11.67,21.81,7.45,25.34,2.46,28.72,19.43,5.15,8.99,24.27,75.72,1.08,16.51,5.91,11.75,0.84,2.23,13.21,2.61,4.99,16.59,128.18,1.08,9.29,24.58,1.46,12.60,22.50,22.12,27.34,7.22,122.11,14.21,20.51,18.36,1.77,2.38,27.49,4.07,8.68,14.82,9.83}
{2.41,0.57,2.58,5.10,3.75,1.42,1.52,0.00}
{Inf,-69.58,-52.09,-63.90,-71.21,-69.48,-65.60,-62.62,-62.65,-58.58,-68.68,Inf,-56.69,-66.67,-67.88,-70.90,-64.55,Inf,-69.62,-67.43,-57.08,-70.67,-67.78,-61.18,-66.73,Inf,-61.38,-68.59,-66.58,-68.67,-70.96,-61.00,Inf,-64.89,-64.58,-71.29,-54.13,-69.90,-52.99,-62.55,-69.37,-71.44,-62.61,Inf,-70.71,-61.56,-67.66,-64.77,-71.05,-69.75,-65.53,-68.62,-70.81,-64.24,Inf,-68.87,-65.17,-68.72,-69.53,-69.27,-70.52,-63.19,-64.10,-71.00,Inf,-65.45,-69.65,-68.68,-70.75,-70.65,-68.69,-68.41,-67.12,-66.87,-68.64}
{Inf,-96.69,-85.36,-103.00,-106.97,-116.67,-126.00,-132.46;
-96.69,Inf,-103.00,-85.36,-116.67,-106.97,-132.46,-126.00;
-85.36,-103.00,Inf,-96.69,-85.36,-103.00,-106.97,-116.67;
-103.00,-85.36,-96.69,Inf,-103.00,-85.36,-116.67,-106.97;
-106.97,-116.67,-85.36,-103.00,Inf,-96.69,-85.36,-103.00;
-116.67,-106.97,-103.00,-85.36,-96.69,Inf,-103.00,-85.36;
-126.00,-132.46,-106.97,-116.67,-85.36,-103.00,Inf,-96.69;
-132.46,-126.00,-116.67,-106.97,-103.00,-85.36,-96.69,Inf}
 KOMONDOR SIMULATION 'sim_input_nodes_sce2a_deployment_42.csv' (seed 1992)
{165.43,22.81,22.66,31.33,31.33,7.07,4.53,23.04,19.12,3.53,197.99,50.30,45.31,5.45,30.72,48.54,17.66,111.59,4.07,8.83,10.06,41.55,9.83,37.25,74.96,7.37,25.27,15.59,19.66,7.07,184.47,35.79,36.63,58.91,50.76,2.38,148.30,44.62,2.53,3.61,47.46,50.07,160.44,45.47,3.69,42.01,50.46,18.82,104.91,8.29,23.96,5.53,16.05,2.69,30.57,17.82}
{0.12,0.36,2.38,0.00,6.98,6.82,1.46,0.35}
{Inf,-69.43,-60.83,-59.97,-69.46,-67.14,-67.00,-68.87,-71.15,-70.78,Inf,-60.29,-63.48,-67.77,-65.66,-67.93,-67.29,Inf,-70.02,-66.99,-68.86,-55.40,-70.26,-60.24,Inf,-69.24,-66.84,-70.58,-68.36,-68.82,Inf,-61.30,-63.43,-53.05,-63.84,-70.89,Inf,-57.13,-70.29,-70.80,-54.82,-64.35,Inf,-66.21,-70.98,-71.00,-62.25,-69.74,Inf,-70.50,-61.34,-69.67,-65.78,-71.12,-54.65,-70.02}
{Inf,-96.69,-85.36,-103.00,-106.97,-116.67,-126.00,-132.46;
-96.69,Inf,-103.00,-85.36,-116.67,-106.97,-132.46,-126.00;
-85.36,-103.00,Inf,-96.69,-85.36,-103.00,-106.97,-116.67;
-103.00,-85.36,-96.69,Inf,-103.00,-85.36,-116.67,-106.97;
-106.97,-116.67,-85.36,-103.00,Inf,-96.69,-85.36,-103.00;
-116.67,-106.97,-103.00,-85.36,-96.69,Inf,-103.00,-85.36;
-126.00,-132.46,-106.97,-116.67,-85.36,-103.00,Inf,-96.69;
-132.46,-126.00,-116.67,-106.97,-103.00,-85.36,-96.69,Inf}
 KOMONDOR SIMULATION 'sim_input_nodes_sce2a_deployment_43.csv' (seed 1992)
{109.29,9.98,22.12,2.07,4.68,29.80,40.63,186.01,10.21,30.18,45.24,26.11,43.70,28.42,2.15,86.78,16.59,3.61,2.61,8.99,18.89,0.61,10.14,3.23,22.12,122.50,24.96,0.92,19.28,18.43,8.22,3.76,23.27,19.43,3.46,0.77,93.70,21.43,24.96,2.69,12.06,27.88,1.46,3.23,112.20,10.98,29.57,30.49,5.22,3.99,15.28,4.07,12.60,201.91,4.45,27.26,27.88,9.98,26.11,24.19,17.28,23.04,27.42,14.28,114.51,7.37,6.68,4.53,42.93,7.76,45.24}
{0.27,-17.75,2.91,7.38,2.31,1.39,1.94,0.85}
{Inf,-69.69,-65.35,-70.55,-70.63,-57.11,-69.07,Inf,-68.99,-60.20,-59.67,-66.85,-54.77,-66.17,-71.01,Inf,-69.54,-67.60,-67.51,-65.21,-62.92,-71.36,-65.85,-68.94,-60.31,Inf,-62.61,-70.37,-59.73,-61.01,-67.38,-67.10,-58.18,-60.89,-67.43,-71.42,Inf,-66.56,-59.77,-71.22,-71.15,-62.90,-71.03,-70.58,Inf,-67.98,-58.64,-54.00,-69.56,-67.34,-68.05,-70.80,-70.66,Inf,-69.55,-68.55,-59.13,-69.15,-70.82,-62.93,-62.91,-70.52,-66.91,-65.28,Inf,-69.96,-67.96,-70.15,-63.68,-68.77,-69.35}
{Inf,-96.69,-85.36,-103.00,-106.97,-116.67,-126.00,-132.46;
-96.69,Inf,-103.00,-85.36,-116.67,-106.97,-132.46,-126.00;
-85.36,-103.00,Inf,-96.69,-85.36,-103.00,-106.97,-116.67;
-103.00,-85.36,-96.69,Inf,-103.00,-85.36,-116.67,-106.97;
-106.97,-116.67,-85.36,-103.00,Inf,-96.69,-85.36,-103.00;
-116.67,-106.97,-103.00,-85.36,-96.69,Inf,-103.00,-85.36;
-126.00,-132.46,-106.97,-116.67,-85.36,-103.00,Inf,-96.69;
-132.46,-126.00,-116.67,-106.97,-103.00,-85.36,-96.69,Inf}
 KOMONDOR SIMULATION 'sim_input_nodes_sce2a_deployment_44.csv' (seed 1992)
{136.78,22.50,2.23,19.35,33.95,27.03,5.61,26.11,132.40,2.69,14.13,28.03,26.65,11.29,13.52,15.90,2.15,18.05,94.85,39.71,7.30,7.45,14.28,26.11,84.25,23.12,1.23,5.99,13.06,10.83,3.30,18.59,1.54,2.30,4.30,46.08,10.60,7.30,0.92,3.76,3.15,16.36,3.99,207.44,5.22,5.84,46.00,45.93,42.09,19.35,43.01,184.55,31.10,8.60,25.65,32.72,32.26,22.12,29.26,2.84,160.97,16.36,24.73,63.44,32.10,24.35}
{0.00,0.00,3.28,1.52,-0.00,6.94,0.65,2.06}
{Inf,-65.20,-70.22,-69.17,-69.52,-59.20,-69.46,-64.04,Inf,-70.37,-67.69,-70.53,-65.76,-67.82,-69.49,-59.89,-71.00,-67.80,Inf,-60.70,-67.85,-69.85,-68.85,-64.16,Inf,-62.71,-70.09,-69.85,-65.36,-68.20,-70.14,-61.71,-69.53,-69.31,-68.86,Inf,-65.96,-68.27,-70.83,-71.36,-70.84,-69.00,-67.84,Inf,-69.56,-68.15,-55.07,-54.86,-62.90,-64.02,-62.86,Inf,-70.14,-70.57,-59.93,-69.78,-60.35,-64.46,-67.60,-70.03,Inf,-67.90,-67.93,-61.84,-65.75,-64.00}
{Inf,-96.69,-85.36,-103.00,-106.97,-116.67,-126.00,-132.46;
-96.69,Inf,-103.00,-85.36,-116.67,-106.97,-132.46,-126.00;
-85.36,-103.00,Inf,-96.69,-85.36,-103.00,-106.97,-116.67;
-103.00,-85.36,-96.69,Inf,-103.00,-85.36,-116.67,-106.97;
-106.97,-116.67,-85.36,-103.00,Inf,-96.69,-85.36,-103.00;
-116.67,-106.97,-103.00,-85.36,-96.69,Inf,-103.00,-85.36;
-126.00,-132.46,-106.97,-116.67,-85.36,-103.00,Inf,-96.69;
-132.46,-126.00,-116.67,-106.97,-103.00,-85.36,-96.69,Inf}
 KOMONDOR SIMULATION 'sim_input_nodes_sce2a_deployment_45.csv' (seed 1992)
{188.54,38.63,43.78,16.90,39.40,5.84,44.01,174.26,5.07,39.48,8.06,2.15,38.40,21.35,37.56,22.20,129.79,27.49,34.79,13.13,16.74,19.89,12.98,3.99,0.77,103.91,40.09,15.97,21.81,5.22,6.84,8.60,5.38,174.41,4.53,13.75,35.71,22.12,14.13,35.64,13.82,34.71,79.18,2.61,11.52,5.38,42.78,7.53,9.37,222.72,50.76,43.39,53.45,43.24,7.60,24.27,229.71,54.37,53.53,32.10,27.11,31.10,31.49}
{1.22,-4.36,2.47,2.93,10.16,1.59,4.11,1.77}
{Inf,-70.51,-54.59,-65.43,-71.22,-68.05,-58.58,Inf,-69.47,-60.80,-67.80,-71.27,-54.45,-62.74,-51.02,-68.81,Inf,-64.11,-59.35,-65.31,-64.75,-60.99,-67.09,-71.42,-70.42,Inf,-53.51,-64.48,-61.65,-67.58,-69.22,-69.60,-68.91,Inf,-71.31,-68.18,-51.60,-58.35,-65.29,-60.94,-68.70,-54.57,Inf,-70.74,-66.85,-69.60,-49.65,-71.03,-66.11,Inf,-63.30,-56.82,-59.74,-54.62,-71.30,-64.25,Inf,-64.08,-64.06,-64.88,-68.80,-64.43,-64.24}
{Inf,-96.69,-85.36,-103.00,-106.97,-116.67,-126.00,-132.46;
-96.69,Inf,-103.00,-85.36,-116.67,-106.97,-132.46,-126.00;
-85.36,-103.00,Inf,-96.69,-85.36,-103.00,-106.97,-116.67;
-103.00,-85.36,-96.69,Inf,-103.00,-85.36,-116.67,-106.97;
-106.97,-116.67,-85.36,-103.00,Inf,-96.69,-85.36,-103.00;
-116.67,-106.97,-103.00,-85.36,-96.69,Inf,-103.00,-85.36;
-126.00,-132.46,-106.97,-116.67,-85.36,-103.00,Inf,-96.69;
-132.46,-126.00,-116.67,-106.97,-103.00,-85.36,-96.69,Inf}
 KOMONDOR SIMULATION 'sim_input_nodes_sce2a_deployment_46.csv' (seed 1992)
{175.80,26.88,23.12,1.61,24.19,6.76,33.18,31.72,6.22,22.12,253.98,7.45,34.71,36.10,31.95,2.61,30.72,33.95,18.28,32.87,25.34,118.35,18.28,17.36,36.79,5.53,29.26,4.07,2.92,4.15,127.87,20.89,33.33,2.92,23.81,5.76,41.16,128.41,13.29,0.46,25.42,4.07,11.37,21.58,0.84,23.04,3.84,24.50,136.09,9.75,7.45,3.00,12.52,18.20,21.27,3.92,27.72,19.74,12.52,186.93,33.02,35.48,22.04,13.52,32.10,21.89,26.27,2.61,206.21,21.12,32.33,13.82,29.80,20.66,18.82,22.81,22.58,24.27}
{1.07,0.97,3.20,1.33,2.90,5.07,0.85,0.30}
{Inf,-66.59,-62.71,-70.69,-68.72,-69.70,-66.81,-56.98,-67.12,-63.50,Inf,-70.38,-63.15,-61.18,-61.86,-67.98,-63.05,-61.99,-63.00,-66.85,-63.12,Inf,-66.18,-63.42,-58.47,-67.24,-58.76,-66.75,-69.21,-69.08,Inf,-67.44,-63.22,-71.33,-66.26,-69.23,-60.81,Inf,-64.29,-71.19,-61.82,-70.63,-65.36,-62.82,-71.10,-60.75,-68.07,-59.54,Inf,-67.36,-69.50,-70.78,-64.89,-62.94,-62.17,-69.02,-58.69,-60.09,-67.05,Inf,-68.36,-65.86,-65.13,-67.72,-59.77,-63.14,-67.81,-71.28,Inf,-65.40,-68.45,-71.06,-66.48,-60.71,-66.16,-63.10,-58.46,-66.42}
{Inf,-96.69,-85.36,-103.00,-106.97,-116.67,-126.00,-132.46;
-96.69,Inf,-103.00,-85.36,-116.67,-106.97,-132.46,-126.00;
-85.36,-103.00,Inf,-96.69,-85.36,-103.00,-106.97,-116.67;
-103.00,-85.36,-96.69,Inf,-103.00,-85.36,-116.67,-106.97;
-106.97,-116.67,-85.36,-103.00,Inf,-96.69,-85.36,-103.00;
-116.67,-106.97,-103.00,-85.36,-96.69,Inf,-103.00,-85.36;
-126.00,-132.46,-106.97,-116.67,-85.36,-103.00,Inf,-96.69;
-132.46,-126.00,-116.67,-106.97,-103.00,-85.36,-96.69,Inf}
 KOMONDOR SIMULATION 'sim_input_nodes_sce2a_deployment_47.csv' (seed 1992)
{175.03,22.81,45.00,28.11,5.61,30.87,42.62,270.41,24.81,34.02,32.95,17.20,32.95,36.10,30.64,28.34,26.27,7.14,125.11,24.35,3.69,4.07,25.04,12.90,10.06,24.81,12.36,4.22,3.61,85.40,7.91,30.34,8.14,32.10,6.91,106.98,46.54,5.38,23.04,8.14,23.88,221.41,49.84,48.69,33.72,26.96,62.21,319.41,67.81,68.97,38.48,73.34,70.81,260.12,28.80,41.86,55.53,39.78,45.08,49.08}
{0.00,-18.76,2.58,1.94,5.36,8.76,1.27,0.53}
{Inf,-71.39,-60.46,-70.44,-67.56,-66.36,-70.51,Inf,-65.46,-57.32,-67.00,-64.14,-53.32,-52.15,-61.62,-66.15,-68.60,-71.15,Inf,-62.31,-69.54,-68.76,-57.68,-64.03,-69.94,-60.11,-66.21,-70.24,-71.25,Inf,-68.58,-63.73,-67.79,-62.58,-68.38,Inf,-57.18,-70.08,-66.95,-71.44,-63.79,Inf,-60.51,-60.05,-65.24,-65.64,-53.71,Inf,-56.48,-70.45,-69.18,-62.91,-53.46,Inf,-62.05,-66.23,-64.09,-56.56,-71.17,-71.12}
{Inf,-96.69,-85.36,-103.00,-106.97,-116.67,-126.00,-132.46;
-96.69,Inf,-103.00,-85.36,-116.67,-106.97,-132.46,-126.00;
-85.36,-103.00,Inf,-96.69,-85.36,-103.00,-106.97,-116.67;
-103.00,-85.36,-96.69,Inf,-103.00,-85.36,-116.67,-106.97;
-106.97,-116.67,-85.36,-103.00,Inf,-96.69,-85.36,-103.00;
-116.67,-106.97,-103.00,-85.36,-96.69,Inf,-103.00,-85.36;
-126.00,-132.46,-106.97,-116.67,-85.36,-103.00,Inf,-96.69;
-132.46,-126.00,-116.67,-106.97,-103.00,-85.36,-96.69,Inf}
 KOMONDOR SIMULATION 'sim_input_nodes_sce2a_deployment_48.csv' (seed 1992)
{235.39,25.50,27.88,27.11,30.26,25.27,3.61,28.95,15.51,24.96,26.34,190.39,12.67,14.98,33.72,29.95,19.74,24.96,17.05,27.49,9.83,172.57,19.74,2.76,2.00,10.60,9.98,28.88,27.49,25.42,29.49,16.20,243.07,29.26,34.87,34.18,24.73,42.62,2.61,33.64,41.16,61.59,17.51,26.34,5.07,6.14,6.53,153.91,4.22,3.46,3.30,29.80,14.52,28.42,8.45,29.18,3.46,29.11,227.71,33.72,31.95,4.99,17.82,38.40,29.72,3.23,33.95,33.95,241.61,6.30,22.50,50.07,45.24,43.08,46.92,27.49}
{0.61,1.78,1.85,10.61,0.00,6.12,1.82,1.97}
{Inf,-65.93,-65.42,-62.70,-66.80,-64.45,-69.74,-55.62,-71.37,-67.76,-70.83,Inf,-70.86,-64.55,-58.92,-65.89,-67.78,-71.28,-62.44,-67.52,-68.43,Inf,-63.35,-70.69,-70.19,-69.72,-67.32,-48.14,-59.08,-63.58,-62.37,-68.37,Inf,-63.85,-62.39,-59.52,-63.22,-56.52,-68.66,-62.59,-55.85,Inf,-66.83,-65.94,-70.38,-69.37,-70.37,Inf,-69.28,-67.75,-68.66,-58.14,-63.22,-55.08,-65.22,-63.27,-69.51,-56.38,Inf,-69.83,-61.88,-67.29,-69.87,-59.82,-63.99,-69.34,-61.02,-67.19,Inf,-69.09,-64.55,-60.52,-68.51,-64.25,-57.42,-69.28}
{Inf,-96.69,-85.36,-103.00,-106.97,-116.67,-126.00,-132.46;
-96.69,Inf,-103.00,-85.36,-116.67,-106.97,-132.46,-126.00;
-85.36,-103.00,Inf,-96.69,-85.36,-103.00,-106.97,-116.67;
-103.00,-85.36,-96.69,Inf,-103.00,-85.36,-116.67,-106.97;
-106.97,-116.67,-85.36,-103.00,Inf,-96.69,-85.36,-103.00;
-116.67,-106.97,-103.00,-85.36,-96.69,Inf,-103.00,-85.36;
-126.00,-132.46,-106.97,-116.67,-85.36,-103.00,Inf,-96.69;
-132.46,-126.00,-116.67,-106.97,-103.00,-85.36,-96.69,Inf}
 KOMONDOR SIMULATION 'sim_input_nodes_sce2a_deployment_49.csv' (seed 1992)
{132.33,40.86,53.91,17.66,9.37,10.52,223.41,25.50,15.97,13.67,30.18,28.49,29.95,27.34,18.59,30.34,3.38,117.35,8.99,5.38,26.11,5.38,35.79,9.60,26.11,69.50,4.84,3.69,2.38,3.30,2.53,16.28,11.14,2.46,2.61,20.28,156.98,1.23,22.20,20.89,25.73,27.80,19.12,2.61,2.38,8.14,26.88,255.97,8.14,65.43,73.04,64.28,45.08,197.68,26.57,4.45,8.06,28.19,19.74,29.18,27.11,3.76,20.04,30.57,165.43,27.42,25.80,31.87,6.60,27.65,33.02,9.52,3.53}
{2.93,1.24,3.90,1.73,1.05,9.21,1.82,4.91}
{Inf,-57.44,-53.07,-66.47,-68.23,-71.26,Inf,-66.42,-66.33,-65.23,-67.66,-61.84,-60.32,-61.67,-69.49,-56.14,-68.40,Inf,-66.11,-70.31,-64.72,-67.59,-59.04,-67.77,-64.21,Inf,-68.33,-70.57,-68.18,-70.74,-69.09,-63.43,-64.63,-68.45,-68.07,-57.96,Inf,-71.28,-61.32,-66.09,-68.03,-58.99,-66.00,-66.76,-70.25,-68.90,-53.03,Inf,-67.73,-55.44,-54.92,-57.79,-64.76,Inf,-61.60,-69.91,-66.16,-69.06,-67.72,-61.73,-64.58,-67.66,-69.93,-61.28,Inf,-61.21,-71.37,-54.01,-69.44,-62.76,-69.56,-70.76,-66.17}
{Inf,-96.69,-85.36,-103.00,-106.97,-116.67,-126.00,-132.46;
-96.69,Inf,-103.00,-85.36,-116.67,-106.97,-132.46,-126.00;
-85.36,-103.00,Inf,-96.69,-85.36,-103.00,-106.97,-116.67;
-103.00,-85.36,-96.69,Inf,-103.00,-85.36,-116.67,-106.97;
-106.97,-116.67,-85.36,-103.00,Inf,-96.69,-85.36,-103.00;
-116.67,-106.97,-103.00,-85.36,-96.69,Inf,-103.00,-85.36;
-126.00,-132.46,-106.97,-116.67,-85.36,-103.00,Inf,-96.69;
-132.46,-126.00,-116.67,-106.97,-103.00,-85.36,-96.69,Inf}
