 KOMONDOR SIMULATION 'sim_input_nodes_sce2b_deployment_00.csv' (seed 1992)
{196.15,22.27,21.35,22.66,23.35,22.12,15.90,10.75,13.36,23.35,21.04,165.73,36.48,18.51,11.75,33.64,31.33,34.02,87.55,19.05,12.06,6.68,22.50,19.35,7.91,66.20,7.76,9.75,8.22,9.37,8.99,4.15,17.97,82.02,6.76,8.45,4.30,8.06,9.83,8.22,9.83,9.06,9.98,7.53,87.63,21.50,21.27,12.67,9.75,3.38,19.05,159.05,24.42,36.56,21.04,37.40,39.63,233.86,39.48,33.64,40.78,41.55,39.09,39.32}
{0.33,1.04,0.08,0.00,0.79,1.67,0.18,3.52}
{Inf,-67.13,-65.75,-56.10,-62.11,-54.56,-70.38,-66.20,-65.88,-53.59,-58.74,Inf,-70.69,-71.21,-69.52,-57.37,-55.90,-62.08,Inf,-67.56,-67.41,-69.52,-55.48,-70.97,-67.13,Inf,-66.49,-67.13,-66.20,-68.86,-66.82,-69.49,-63.17,Inf,-70.91,-60.35,-69.47,-63.65,-71.33,-49.70,-63.01,-60.91,-57.93,-69.13,Inf,-48.38,-53.39,-65.92,-66.90,-71.13,-61.51,Inf,-65.12,-63.85,-70.95,-70.58,-70.44,Inf,-60.45,-69.71,-58.20,-60.79,-59.36,-69.38}
{Inf,-91.21,-78.94,-95.79,-96.69,-106.03,-111.88,-118.07;
-91.21,Inf,-95.79,-78.94,-106.03,-96.69,-118.07,-111.88;
-78.94,-95.79,Inf,-91.21,-78.94,-95.79,-96.69,-106.03;
-95.79,-78.94,-91.21,Inf,-95.79,-78.94,-106.03,-96.69;
-96.69,-106.03,-78.94,-95.79,Inf,-91.21,-78.94,-95.79;
-106.03,-96.69,-95.79,-78.94,-91.21,Inf,-95.79,-78.94;
-111.88,-118.07,-96.69,-106.03,-78.94,-95.79,Inf,-91.21;
-118.07,-111.88,-106.03,-96.69,-95.79,-78.94,-91.21,Inf}
 KOMONDOR SIMULATION 'sim_input_nodes_sce2b_deployment_01.csv' (seed 1992)
{154.91,16.44,18.82,21.81,20.66,21.27,10.68,19.74,5.99,19.51,134.48,1.15,10.14,22.96,29.57,27.03,30.57,13.06,54.68,4.53,5.07,6.99,6.53,15.36,16.20,80.33,10.68,0.61,12.44,0.54,10.21,11.37,9.91,12.75,11.83,79.03,11.37,7.30,2.38,6.14,8.45,6.07,11.67,11.98,13.67,82.64,1.54,13.52,20.35,20.43,3.76,23.04,127.10,16.05,4.38,9.45,29.18,28.72,29.34,9.98,205.82,35.71,46.77,44.16,43.24,35.94}
{0.36,0.85,0.49,5.21,0.00,0.61,1.46,0.46}
{Inf,-68.38,-68.69,-70.84,-68.55,-68.66,-68.61,-60.50,-67.79,-60.44,Inf,-70.32,-69.20,-63.48,-60.65,-64.78,-62.88,-67.67,Inf,-68.31,-70.86,-68.18,-68.30,-63.11,-67.10,Inf,-59.62,-70.54,-66.58,-71.15,-60.83,-63.11,-61.92,-64.11,-62.48,Inf,-66.30,-66.42,-68.06,-65.91,-65.39,-65.96,-68.93,-65.92,-52.63,Inf,-70.18,-66.71,-56.59,-59.28,-71.26,-63.36,Inf,-68.83,-69.87,-68.24,-66.65,-59.96,-60.74,-70.29,Inf,-65.63,-52.36,-63.61,-62.40,-66.67}
{Inf,-91.21,-78.94,-95.79,-96.69,-106.03,-111.88,-118.07;
-91.21,Inf,-95.79,-78.94,-106.03,-96.69,-118.07,-111.88;
-78.94,-95.79,Inf,-91.21,-78.94,-95.79,-96.69,-106.03;
-95.79,-78.94,-91.21,Inf,-95.79,-78.94,-106.03,-96.69;
-96.69,-106.03,-78.94,-95.79,Inf,-91.21,-78.94,-95.79;
-106.03,-96.69,-95.79,-78.94,-91.21,Inf,-95.79,-78.94;
-111.88,-118.07,-96.69,-106.03,-78.94,-95.79,Inf,-91.21;
-118.07,-111.88,-106.03,-96.69,-95.79,-78.94,-91.21,Inf}
 KOMONDOR SIMULATION 'sim_input_nodes_sce2b_deployment_02.csv' (seed 1992)
{152.29,12.83,23.35,23.96,24.27,17.82,10.98,15.21,23.88,121.27,10.37,26.88,16.97,22.73,19.12,4.99,20.20,55.76,5.99,18.66,11.29,14.98,4.84,81.87,4.30,11.14,12.44,5.07,11.44,11.37,12.21,6.91,6.99,69.35,11.29,15.13,1.31,11.37,3.53,13.06,8.68,4.99,70.96,8.14,2.00,11.90,8.76,8.76,8.99,12.60,9.75,0.08,163.20,27.11,13.52,17.82,11.14,24.96,24.27,19.58,24.81,131.94,3.61,2.23,19.89,22.04,17.51,21.89,19.28,6.91,18.59}
{0.24,-0.00,0.00,0.38,0.26,0.49,0.59,2.41}
{Inf,-70.31,-54.51,-65.37,-71.33,-65.26,-68.35,-67.07,-61.89,Inf,-71.33,-66.41,-65.41,-68.69,-65.46,-70.72,-63.55,Inf,-69.13,-70.80,-71.38,-64.32,-70.28,Inf,-70.51,-60.21,-49.89,-69.92,-64.80,-59.64,-62.53,-67.23,-69.80,Inf,-66.98,-66.79,-70.98,-62.98,-69.61,-64.10,-70.31,-70.58,Inf,-66.40,-70.88,-63.07,-62.33,-62.90,-65.04,-59.38,-68.64,-71.36,Inf,-68.27,-66.10,-69.67,-69.43,-63.89,-53.86,-69.93,-65.64,Inf,-70.47,-70.76,-58.99,-56.56,-64.24,-66.37,-65.05,-70.40,-65.18}
{Inf,-91.21,-78.94,-95.79,-96.69,-106.03,-111.88,-118.07;
-91.21,Inf,-95.79,-78.94,-106.03,-96.69,-118.07,-111.88;
-78.94,-95.79,Inf,-91.21,-78.94,-95.79,-96.69,-106.03;
-95.79,-78.94,-91.21,Inf,-95.79,-78.94,-106.03,-96.69;
-96.69,-106.03,-78.94,-95.79,Inf,-91.21,-78.94,-95.79;
-106.03,-96.69,-95.79,-78.94,-91.21,Inf,-95.79,-78.94;
-111.88,-118.07,-96.69,-106.03,-78.94,-95.79,Inf,-91.21;
-118.07,-111.88,-106.03,-96.69,-95.79,-78.94,-91.21,Inf}
 KOMONDOR SIMULATION 'sim_input_nodes_sce2b_deployment_03.csv' (seed 1992)
{171.34,19.74,26.19,16.20,21.50,23.81,16.51,22.73,24.65,213.12,4.68,32.64,30.49,33.10,30.41,29.26,26.96,25.57,57.22,0.54,14.28,1.46,13.13,11.29,4.68,11.83,69.58,1.08,7.76,12.98,3.07,1.23,15.44,13.75,14.28,69.96,9.75,17.13,17.20,1.31,14.21,10.37,69.73,13.82,12.52,15.13,1.61,12.90,6.76,6.37,0.61,144.77,39.78,23.88,37.79,28.03,15.28,158.44,27.49,23.96,26.27,8.45,24.42,4.07,19.51,24.27}
{1.70,0.49,0.07,0.00,0.36,0.99,0.20,0.73}
{Inf,-68.58,-62.85,-70.37,-63.43,-70.98,-71.32,-59.17,-61.74,Inf,-71.15,-63.36,-53.99,-53.44,-61.47,-62.15,-62.85,-64.53,Inf,-71.09,-52.55,-71.23,-65.19,-67.87,-71.07,-66.31,Inf,-71.20,-65.29,-67.24,-69.67,-70.93,-68.62,-51.93,-69.35,Inf,-67.04,-63.60,-61.93,-71.10,-67.23,-66.88,Inf,-60.93,-65.91,-55.19,-69.61,-66.87,-70.41,-65.83,-70.82,Inf,-46.44,-69.58,-66.31,-68.78,-68.84,Inf,-63.95,-69.00,-55.68,-67.81,-62.70,-70.88,-63.62,-65.65}
{Inf,-91.21,-78.94,-95.79,-96.69,-106.03,-111.88,-118.07;
-91.21,Inf,-95.79,-78.94,-106.03,-96.69,-118.07,-111.88;
-78.94,-95.79,Inf,-91.21,-78.94,-95.79,-96.69,-106.03;
-95.79,-78.94,-91.21,Inf,-95.79,-78.94,-106.03,-96.69;
-96.69,-106.03,-78.94,-95.79,Inf,-91.21,-78.94,-95.79;
-106.03,-96.69,-95.79,-78.94,-91.21,Inf,-95.79,-78.94;
-111.88,-118.07,-96.69,-106.03,-78.94,-95.79,Inf,-91.21;
-118.07,-111.88,-106.03,-96.69,-95.79,-78.94,-91.21,Inf}
 KOMONDOR SIMULATION 'sim_input_nodes_sce2b_deployment_04.csv' (seed 1992)
{163.66,22.43,21.96,21.20,19.89,20.81,0.77,19.81,22.96,13.82,181.32,26.27,25.34,7.91,3.46,23.73,24.19,19.97,23.96,26.50,54.68,2.07,7.22,3.15,1.38,5.38,5.07,6.30,11.37,10.37,2.38,82.79,8.06,8.99,10.75,11.37,9.68,9.22,10.75,3.30,10.68,80.56,12.52,10.98,5.84,6.45,9.29,10.44,6.99,13.52,4.53,93.39,11.75,10.98,5.30,10.98,4.61,11.29,5.76,9.83,10.91,11.98,201.14,44.24,24.81,44.93,45.54,41.63,144.61,19.58,14.05,17.43,0.69,17.74,17.36,7.22,21.58,8.14,20.81}
{0.97,0.07,0.12,0.97,0.12,0.63,0.24,1.09}
{Inf,-61.57,-64.70,-66.14,-68.25,-64.63,-71.04,-69.48,-58.65,-68.28,Inf,-63.92,-62.47,-70.55,-71.27,-67.48,-53.01,-66.72,-66.76,-56.18,Inf,-69.30,-67.01,-70.00,-70.77,-68.46,-65.30,-71.37,-60.58,-68.62,-70.71,Inf,-71.21,-63.31,-69.28,-62.17,-63.17,-62.67,-61.89,-69.52,-68.54,Inf,-56.55,-57.29,-68.58,-70.88,-67.17,-69.69,-70.19,-61.24,-68.68,Inf,-59.52,-53.52,-68.88,-62.60,-68.48,-67.58,-68.41,-68.19,-69.23,-69.19,Inf,-59.56,-70.91,-62.30,-60.69,-64.32,Inf,-48.01,-67.76,-66.53,-71.35,-63.11,-70.39,-68.64,-59.66,-70.94,-67.79}
{Inf,-91.21,-78.94,-95.79,-96.69,-106.03,-111.88,-118.07;
-91.21,Inf,-95.79,-78.94,-106.03,-96.69,-118.07,-111.88;
-78.94,-95.79,Inf,-91.21,-78.94,-95.79,-96.69,-106.03;
-95.79,-78.94,-91.21,Inf,-95.79,-78.94,-106.03,-96.69;
-96.69,-106.03,-78.94,-95.79,Inf,-91.21,-78.94,-95.79;
-106.03,-96.69,-95.79,-78.94,-91.21,Inf,-95.79,-78.94;
-111.88,-118.07,-96.69,-106.03,-78.94,-95.79,Inf,-91.21;
-118.07,-111.88,-106.03,-96.69,-95.79,-78.94,-91.21,Inf}
 KOMONDOR SIMULATION 'sim_input_nodes_sce2b_deployment_05.csv' (seed 1992)
{125.41,7.91,10.75,16.82,14.28,15.28,18.36,14.13,12.52,15.36,176.03,17.97,17.05,17.82,22.43,20.66,22.20,12.60,19.58,22.35,3.38,86.17,14.36,15.28,14.36,9.52,16.28,16.36,88.24,10.60,4.45,10.44,8.22,11.21,11.06,7.14,11.52,3.53,10.06,76.34,3.76,12.75,4.68,13.98,14.28,10.44,3.15,13.29,110.67,15.21,13.59,7.45,16.74,14.52,14.44,15.74,12.98,198.30,29.03,17.36,29.95,29.49,29.88,33.02,29.57,171.57,42.01,29.72,30.72,42.32,26.80}
{0.00,0.12,0.00,1.33,0.00,0.27,0.30,2.29}
{Inf,-71.29,-69.70,-68.68,-68.00,-66.79,-70.90,-66.14,-71.18,-66.43,Inf,-70.33,-63.10,-62.03,-65.01,-61.75,-47.81,-69.92,-68.80,-67.91,-70.85,Inf,-67.05,-63.80,-71.09,-70.58,-69.58,-67.30,Inf,-57.83,-69.34,-68.70,-68.63,-67.60,-63.34,-67.40,-62.18,-71.07,-67.72,Inf,-70.97,-70.19,-68.96,-61.92,-52.39,-65.63,-71.38,-67.13,Inf,-57.61,-67.18,-69.29,-63.32,-64.38,-64.29,-52.77,-68.83,Inf,-63.66,-65.33,-59.21,-65.39,-62.11,-65.56,-66.84,Inf,-58.49,-67.34,-68.28,-71.45,-69.46}
{Inf,-91.21,-78.94,-95.79,-96.69,-106.03,-111.88,-118.07;
-91.21,Inf,-95.79,-78.94,-106.03,-96.69,-118.07,-111.88;
-78.94,-95.79,Inf,-91.21,-78.94,-95.79,-96.69,-106.03;
-95.79,-78.94,-91.21,Inf,-95.79,-78.94,-106.03,-96.69;
-96.69,-106.03,-78.94,-95.79,Inf,-91.21,-78.94,-95.79;
-106.03,-96.69,-95.79,-78.94,-91.21,Inf,-95.79,-78.94;
-111.88,-118.07,-96.69,-106.03,-78.94,-95.79,Inf,-91.21;
-118.07,-111.88,-106.03,-96.69,-95.79,-78.94,-91.21,Inf}
 KOMONDOR SIMULATION 'sim_input_nodes_sce2b_deployment_06.csv' (seed 1992)
{138.32,14.13,15.28,13.98,8.45,19.97,10.98,15.67,20.66,11.83,7.37,126.11,9.45,7.07,25.34,25.19,29.26,29.80,88.40,10.06,8.68,10.44,9.45,6.76,8.29,9.83,9.52,9.22,6.14,50.38,6.30,14.28,6.30,3.30,2.76,17.43,90.47,14.75,7.14,10.14,13.21,13.82,9.06,12.13,9.37,0.84,85.79,23.58,13.36,2.61,22.89,23.35,179.02,24.58,24.12,18.20,22.50,11.83,26.19,26.80,24.81,164.97,34.18,35.64,7.07,36.48,32.03,19.58}
{0.24,0.00,0.49,0.00,0.12,0.49,1.73,3.03}
{Inf,-68.42,-66.31,-70.15,-68.70,-63.13,-71.08,-65.33,-65.72,-69.10,-70.03,Inf,-69.15,-70.05,-66.57,-70.54,-54.67,-70.66,Inf,-57.19,-65.54,-64.10,-67.48,-67.33,-64.36,-57.33,-62.25,-64.27,-66.42,Inf,-69.17,-63.08,-67.12,-70.20,-70.59,-67.56,Inf,-65.57,-70.15,-65.21,-60.72,-57.93,-69.08,-67.46,-71.18,-71.29,Inf,-59.22,-66.55,-70.06,-60.80,-60.80,Inf,-57.30,-61.62,-68.66,-62.99,-66.43,-65.85,-67.35,-60.67,Inf,-49.69,-60.66,-70.38,-60.47,-62.20,-69.37}
{Inf,-91.21,-78.94,-95.79,-96.69,-106.03,-111.88,-118.07;
-91.21,Inf,-95.79,-78.94,-106.03,-96.69,-118.07,-111.88;
-78.94,-95.79,Inf,-91.21,-78.94,-95.79,-96.69,-106.03;
-95.79,-78.94,-91.21,Inf,-95.79,-78.94,-106.03,-96.69;
-96.69,-106.03,-78.94,-95.79,Inf,-91.21,-78.94,-95.79;
-106.03,-96.69,-95.79,-78.94,-91.21,Inf,-95.79,-78.94;
-111.88,-118.07,-96.69,-106.03,-78.94,-95.79,Inf,-91.21;
-118.07,-111.88,-106.03,-96.69,-95.79,-78.94,-91.21,Inf}
 KOMONDOR SIMULATION 'sim_input_nodes_sce2b_deployment_07.csv' (seed 1992)
{197.07,22.73,48.00,33.25,43.78,49.31,180.56,27.80,27.72,24.58,29.18,17.66,25.65,27.96,91.32,20.51,18.59,3.38,6.37,22.89,19.58,80.03,16.90,18.66,1.15,10.37,18.05,14.90,78.80,11.06,11.44,13.21,7.45,10.21,6.76,5.99,1.00,11.67,61.29,5.61,11.44,8.83,10.37,4.84,10.83,2.00,0.46,6.91,168.96,22.04,18.43,22.50,21.50,11.37,14.36,16.44,19.66,22.66,173.49,7.07,25.34,26.80,23.96,23.42,24.27,20.43,22.20}
{1.76,1.09,0.12,0.24,1.04,0.12,2.73,0.12}
{Inf,-67.25,-58.00,-70.00,-52.81,-65.49,Inf,-70.32,-67.24,-59.23,-69.20,-65.92,-64.44,-59.67,Inf,-58.05,-69.04,-70.03,-69.10,-63.90,-68.32,Inf,-69.99,-61.26,-70.46,-70.15,-61.78,-70.21,Inf,-66.77,-60.12,-49.20,-66.87,-69.68,-69.38,-65.56,-70.13,-66.83,Inf,-68.16,-61.32,-68.74,-61.40,-69.31,-63.34,-69.97,-71.36,-71.20,Inf,-68.40,-67.95,-58.76,-58.13,-67.13,-70.58,-70.40,-65.06,-55.47,Inf,-69.14,-69.48,-71.34,-57.89,-70.22,-69.17,-65.41,-62.88}
{Inf,-91.21,-78.94,-95.79,-96.69,-106.03,-111.88,-118.07;
-91.21,Inf,-95.79,-78.94,-106.03,-96.69,-118.07,-111.88;
-78.94,-95.79,Inf,-91.21,-78.94,-95.79,-96.69,-106.03;
-95.79,-78.94,-91.21,Inf,-95.79,-78.94,-106.03,-96.69;
-96.69,-106.03,-78.94,-95.79,Inf,-91.21,-78.94,-95.79;
-106.03,-96.69,-95.79,-78.94,-91.21,Inf,-95.79,-78.94;
-111.88,-118.07,-96.69,-106.03,-78.94,-95.79,Inf,-91.21;
-118.07,-111.88,-106.03,-96.69,-95.79,-78.94,-91.21,Inf}
 KOMONDOR SIMULATION 'sim_input_nodes_sce2b_deployment_08.csv' (seed 1992)
{125.41,17.74,2.69,27.57,29.41,22.96,25.04,214.04,38.78,35.56,30.34,33.41,37.63,38.32,69.81,9.22,2.30,7.37,5.30,5.30,7.14,9.83,8.45,3.38,11.52,62.75,3.76,10.60,13.82,11.21,0.00,1.77,0.69,5.53,3.38,11.98,90.85,14.52,13.90,0.38,14.44,4.22,15.59,9.14,4.45,14.21,91.16,9.91,6.30,9.83,10.83,5.38,12.21,12.52,12.90,11.29,135.78,27.96,20.51,10.29,9.37,31.49,14.98,21.20,153.68,44.93,20.51,19.05,37.79,31.41}
{0.27,-2.09,0.97,0.19,1.42,1.29,0.73,5.52}
{Inf,-69.40,-71.30,-66.23,-64.68,-70.25,-69.27,Inf,-57.65,-54.68,-69.65,-65.74,-65.64,-64.02,Inf,-60.72,-69.64,-63.97,-67.48,-68.10,-69.91,-58.70,-61.45,-71.23,-60.00,Inf,-70.80,-67.42,-50.35,-60.96,-71.18,-70.72,-69.38,-67.55,-71.13,-64.86,Inf,-57.34,-54.15,-71.37,-48.87,-68.97,-68.99,-65.36,-69.56,-59.48,Inf,-69.23,-71.29,-64.89,-71.45,-67.28,-60.92,-60.83,-59.80,-58.46,Inf,-59.17,-62.30,-66.53,-70.33,-60.44,-65.16,-69.30,Inf,-65.01,-68.52,-67.98,-60.75,-64.38}
{Inf,-91.21,-78.94,-95.79,-96.69,-106.03,-111.88,-118.07;
-91.21,Inf,-95.79,-78.94,-106.03,-96.69,-118.07,-111.88;
-78.94,-95.79,Inf,-91.21,-78.94,-95.79,-96.69,-106.03;
-95.79,-78.94,-91.21,Inf,-95.79,-78.94,-106.03,-96.69;
-96.69,-106.03,-78.94,-95.79,Inf,-91.21,-78.94,-95.79;
-106.03,-96.69,-95.79,-78.94,-91.21,Inf,-95.79,-78.94;
-111.88,-118.07,-96.69,-106.03,-78.94,-95.79,Inf,-91.21;
-118.07,-111.88,-106.03,-96.69,-95.79,-78.94,-91.21,Inf}
 KOMONDOR SIMULATION 'sim_input_nodes_sce2b_deployment_09.csv' (seed 1992)
{150.30,21.50,12.75,40.55,33.95,41.55,130.64,30.03,14.59,15.90,29.80,2.07,19.43,18.82,73.27,2.53,4.53,14.05,12.13,13.06,8.45,4.61,13.90,82.25,13.44,20.66,19.74,8.60,19.81,87.40,18.74,16.90,4.76,3.07,4.07,16.28,2.69,14.05,6.84,78.80,18.97,5.07,20.81,23.81,4.84,5.30,219.26,41.55,40.09,40.47,18.28,38.86,40.01,215.81,42.62,39.09,38.25,28.03,43.08,24.73}
{0.00,0.41,0.58,2.00,0.69,1.10,0.99,2.42}
{Inf,-69.20,-69.74,-63.94,-66.08,-71.05,Inf,-67.05,-67.72,-67.60,-64.32,-70.48,-66.22,-66.41,Inf,-70.45,-66.68,-56.91,-56.47,-55.34,-67.49,-71.07,-60.04,Inf,-65.53,-61.45,-65.08,-68.35,-68.18,Inf,-52.73,-45.96,-68.82,-69.80,-69.76,-58.83,-71.37,-59.62,-68.36,Inf,-58.75,-69.08,-57.41,-58.67,-71.21,-69.86,Inf,-55.10,-62.94,-55.84,-69.54,-62.20,-64.38,Inf,-64.74,-69.38,-62.40,-67.58,-56.53,-64.40}
{Inf,-91.21,-78.94,-95.79,-96.69,-106.03,-111.88,-118.07;
-91.21,Inf,-95.79,-78.94,-106.03,-96.69,-118.07,-111.88;
-78.94,-95.79,Inf,-91.21,-78.94,-95.79,-96.69,-106.03;
-95.79,-78.94,-91.21,Inf,-95.79,-78.94,-106.03,-96.69;
-96.69,-106.03,-78.94,-95.79,Inf,-91.21,-78.94,-95.79;
-106.03,-96.69,-95.79,-78.94,-91.21,Inf,-95.79,-78.94;
-111.88,-118.07,-96.69,-106.03,-78.94,-95.79,Inf,-91.21;
-118.07,-111.88,-106.03,-96.69,-95.79,-78.94,-91.21,Inf}
 KOMONDOR SIMULATION 'sim_input_nodes_sce2b_deployment_10.csv' (seed 1992)
{183.63,28.88,34.25,15.82,35.48,34.87,34.33,151.60,5.53,23.81,21.43,15.59,12.98,4.76,20.89,24.04,22.58,87.71,15.13,12.06,16.82,21.04,12.21,10.44,88.78,17.74,19.58,19.05,20.20,0.77,11.44,65.59,4.45,1.46,4.99,11.75,3.00,4.53,8.83,9.75,8.22,8.60,76.42,1.77,7.68,6.84,4.22,14.52,13.29,9.14,8.45,10.52,176.56,16.13,24.27,26.27,9.37,15.44,27.72,28.88,28.49,108.06,7.22,26.19,14.90,24.88,14.44,1.46,7.37,11.60}
{1.21,-15.29,1.03,0.17,0.26,0.53,2.31,2.57}
{Inf,-67.58,-61.06,-68.93,-65.26,-57.90,-64.81,Inf,-68.88,-65.83,-61.19,-69.17,-66.16,-70.18,-63.41,-63.76,-70.79,Inf,-70.97,-68.56,-62.60,-60.65,-65.30,-65.86,Inf,-63.54,-55.20,-57.99,-65.06,-70.23,-66.86,Inf,-68.80,-70.58,-69.29,-61.29,-68.65,-70.16,-64.09,-63.83,-64.80,-62.41,Inf,-70.76,-66.70,-66.43,-67.70,-60.06,-59.99,-63.05,-67.98,-64.36,Inf,-66.72,-61.99,-59.65,-71.13,-65.82,-61.30,-63.96,-65.80,Inf,-69.63,-53.40,-68.89,-59.25,-68.43,-71.19,-68.07,-71.21}
{Inf,-91.21,-78.94,-95.79,-96.69,-106.03,-111.88,-118.07;
-91.21,Inf,-95.79,-78.94,-106.03,-96.69,-118.07,-111.88;
-78.94,-95.79,Inf,-91.21,-78.94,-95.79,-96.69,-106.03;
-95.79,-78.94,-91.21,Inf,-95.79,-78.94,-106.03,-96.69;
-96.69,-106.03,-78.94,-95.79,Inf,-91.21,-78.94,-95.79;
-106.03,-96.69,-95.79,-78.94,-91.21,Inf,-95.79,-78.94;
-111.88,-118.07,-96.69,-106.03,-78.94,-95.79,Inf,-91.21;
-118.07,-111.88,-106.03,-96.69,-95.79,-78.94,-91.21,Inf}
 KOMONDOR SIMULATION 'sim_input_nodes_sce2b_deployment_11.csv' (seed 1992)
{191.54,28.26,49.38,37.40,50.07,26.42,124.03,15.44,20.12,2.84,4.61,5.53,20.89,7.53,15.21,13.21,18.66,84.71,12.90,13.59,14.28,15.36,4.53,16.13,1.84,6.07,80.79,15.67,10.60,0.15,9.83,5.45,14.05,11.67,7.14,6.22,101.91,17.43,15.74,4.76,14.75,16.59,17.82,14.82,80.41,16.59,3.38,17.43,4.84,17.74,20.43,193.92,21.04,24.88,20.35,22.04,21.12,21.20,17.51,22.96,22.81,110.82,14.98,18.59,17.66,8.60,6.60,12.67,2.76,16.97,1.46,10.52}
{2.71,2.34,0.49,0.16,0.24,0.32,2.28,0.00}
{Inf,-65.59,-63.18,-62.70,-58.37,-65.89,Inf,-61.31,-63.64,-69.98,-67.58,-68.56,-64.53,-67.02,-69.29,-62.92,-61.78,Inf,-62.39,-68.67,-63.06,-62.02,-67.86,-56.72,-70.26,-69.13,Inf,-54.23,-65.35,-71.09,-65.55,-70.27,-54.36,-66.09,-65.93,-69.60,Inf,-68.07,-59.92,-68.42,-70.28,-69.63,-64.70,-70.42,Inf,-71.24,-69.81,-62.53,-68.73,-56.17,-58.97,Inf,-63.72,-57.40,-63.48,-63.64,-67.66,-68.48,-66.89,-70.12,-61.07,Inf,-69.49,-66.78,-55.11,-71.17,-69.79,-68.88,-71.37,-66.79,-70.84,-66.97}
{Inf,-91.21,-78.94,-95.79,-96.69,-106.03,-111.88,-118.07;
-91.21,Inf,-95.79,-78.94,-106.03,-96.69,-118.07,-111.88;
-78.94,-95.79,Inf,-91.21,-78.94,-95.79,-96.69,-106.03;
-95.79,-78.94,-91.21,Inf,-95.79,-78.94,-106.03,-96.69;
-96.69,-106.03,-78.94,-95.79,Inf,-91.21,-78.94,-95.79;
-106.03,-96.69,-95.79,-78.94,-91.21,Inf,-95.79,-78.94;
-111.88,-118.07,-96.69,-106.03,-78.94,-95.79,Inf,-91.21;
-118.07,-111.88,-106.03,-96.69,-95.79,-78.94,-91.21,Inf}
 KOMONDOR SIMULATION 'sim_input_nodes_sce2b_deployment_12.csv' (seed 1992)
{181.79,8.60,25.19,27.72,24.27,28.95,22.66,26.11,18.28,112.59,26.34,24.19,2.46,28.72,30.87,71.50,10.91,11.37,13.98,10.29,8.29,0.38,16.28,81.64,4.30,14.05,6.37,13.82,11.98,10.21,6.84,14.05,50.61,9.45,4.68,15.28,4.22,0.84,16.13,92.01,19.35,7.60,14.13,19.20,14.59,17.13,159.21,10.98,18.28,22.12,26.88,17.05,15.97,23.81,24.12,192.54,22.96,31.33,32.87,34.64,34.48,36.25}
{2.55,-0.00,0.30,1.02,0.00,1.21,0.70,2.19}
{Inf,-71.18,-62.03,-59.53,-68.84,-62.30,-65.94,-52.31,-68.67,Inf,-68.68,-71.22,-70.48,-67.32,-68.04,Inf,-65.08,-64.40,-63.54,-70.35,-69.29,-71.36,-60.93,Inf,-70.31,-59.98,-68.28,-56.38,-67.10,-64.69,-68.66,-58.81,Inf,-66.42,-68.56,-64.80,-70.33,-71.17,-65.59,Inf,-61.01,-65.37,-64.81,-68.92,-68.84,-65.40,Inf,-67.44,-69.05,-61.35,-57.05,-69.76,-70.72,-60.53,-60.86,Inf,-65.38,-59.31,-63.11,-57.98,-65.03,-70.96}
{Inf,-91.21,-78.94,-95.79,-96.69,-106.03,-111.88,-118.07;
-91.21,Inf,-95.79,-78.94,-106.03,-96.69,-118.07,-111.88;
-78.94,-95.79,Inf,-91.21,-78.94,-95.79,-96.69,-106.03;
-95.79,-78.94,-91.21,Inf,-95.79,-78.94,-106.03,-96.69;
-96.69,-106.03,-78.94,-95.79,Inf,-91.21,-78.94,-95.79;
-106.03,-96.69,-95.79,-78.94,-91.21,Inf,-95.79,-78.94;
-111.88,-118.07,-96.69,-106.03,-78.94,-95.79,Inf,-91.21;
-118.07,-111.88,-106.03,-96.69,-95.79,-78.94,-91.21,Inf}
 KOMONDOR SIMULATION 'sim_input_nodes_sce2b_deployment_13.csv' (seed 1992)
{123.49,7.37,18.51,19.58,17.74,18.82,15.90,6.30,1.46,17.82,173.72,21.89,15.36,18.36,19.51,13.21,23.19,25.27,18.66,18.28,67.74,8.14,5.38,5.53,10.29,8.14,3.76,5.07,7.07,11.21,3.15,85.25,16.59,14.36,6.37,17.43,8.45,15.74,6.30,101.76,16.13,14.52,18.12,15.36,16.97,14.75,5.91,87.94,0.23,11.98,11.44,8.76,11.44,9.75,9.91,8.76,6.68,8.99,195.46,24.42,24.81,25.19,24.65,15.05,24.04,23.96,18.36,14.98,109.59,26.34,26.65,25.11,2.38,27.26,1.84}
{0.24,-0.00,0.49,1.68,0.00,0.71,1.58,1.70}
{Inf,-67.55,-65.76,-67.94,-67.31,-70.05,-61.84,-68.92,-70.09,-70.17,Inf,-59.73,-70.28,-68.74,-67.72,-65.58,-66.65,-49.52,-64.42,-66.94,Inf,-71.43,-68.87,-71.08,-67.02,-65.77,-70.18,-70.64,-65.21,-63.76,-69.22,Inf,-60.06,-69.70,-70.05,-54.89,-67.63,-56.83,-70.10,Inf,-64.80,-67.33,-51.84,-65.76,-62.42,-62.00,-67.91,Inf,-71.44,-63.21,-61.33,-67.96,-58.51,-64.30,-65.11,-65.32,-70.75,-68.35,Inf,-59.44,-64.79,-66.59,-70.10,-69.49,-64.86,-68.59,-66.15,-68.51,Inf,-65.82,-68.79,-63.63,-71.10,-61.51,-70.24}
{Inf,-91.21,-78.94,-95.79,-96.69,-106.03,-111.88,-118.07;
-91.21,Inf,-95.79,-78.94,-106.03,-96.69,-118.07,-111.88;
-78.94,-95.79,Inf,-91.21,-78.94,-95.79,-96.69,-106.03;
-95.79,-78.94,-91.21,Inf,-95.79,-78.94,-106.03,-96.69;
-96.69,-106.03,-78.94,-95.79,Inf,-91.21,-78.94,-95.79;
-106.03,-96.69,-95.79,-78.94,-91.21,Inf,-95.79,-78.94;
-111.88,-118.07,-96.69,-106.03,-78.94,-95.79,Inf,-91.21;
-118.07,-111.88,-106.03,-96.69,-95.79,-78.94,-91.21,Inf}
 KOMONDOR SIMULATION 'sim_input_nodes_sce2b_deployment_14.csv' (seed 1992)
{183.32,27.34,21.58,26.11,4.53,21.81,24.35,12.13,21.43,24.04,141.62,27.34,24.88,27.11,19.81,14.13,28.34,87.17,16.13,4.38,5.91,15.13,14.36,14.28,10.14,6.84,71.65,2.84,13.06,10.37,14.36,12.52,7.60,10.91,81.56,13.13,11.37,10.14,11.60,13.44,13.90,3.69,2.76,1.54,75.03,4.07,4.45,13.75,16.05,3.53,16.97,16.20,127.87,13.82,17.13,6.07,27.34,8.83,20.89,10.37,23.42,151.60,10.83,12.90,10.83,18.28,19.89,20.66,18.12,12.60,16.44,11.06}
{0.73,-0.00,0.39,1.58,1.97,0.64,0.00,1.64}
{Inf,-65.00,-65.99,-60.96,-69.87,-63.81,-57.09,-69.94,-69.35,-63.86,Inf,-66.73,-70.11,-68.22,-69.89,-68.94,-69.43,Inf,-69.44,-70.40,-69.89,-64.98,-61.41,-68.36,-64.53,-69.12,Inf,-69.68,-67.32,-67.49,-60.21,-66.33,-66.69,-62.96,Inf,-61.85,-61.14,-64.81,-64.26,-56.85,-62.84,-69.92,-70.84,-70.23,Inf,-70.24,-71.33,-68.65,-67.60,-71.39,-58.04,-69.94,Inf,-66.47,-69.15,-70.97,-63.61,-69.16,-69.79,-69.69,-48.98,Inf,-65.91,-66.78,-66.89,-57.69,-66.21,-66.68,-59.39,-69.24,-62.29,-67.97}
{Inf,-91.21,-78.94,-95.79,-96.69,-106.03,-111.88,-118.07;
-91.21,Inf,-95.79,-78.94,-106.03,-96.69,-118.07,-111.88;
-78.94,-95.79,Inf,-91.21,-78.94,-95.79,-96.69,-106.03;
-95.79,-78.94,-91.21,Inf,-95.79,-78.94,-106.03,-96.69;
-96.69,-106.03,-78.94,-95.79,Inf,-91.21,-78.94,-95.79;
-106.03,-96.69,-95.79,-78.94,-91.21,Inf,-95.79,-78.94;
-111.88,-118.07,-96.69,-106.03,-78.94,-95.79,Inf,-91.21;
-118.07,-111.88,-106.03,-96.69,-95.79,-78.94,-91.21,Inf}
 KOMONDOR SIMULATION 'sim_input_nodes_sce2b_deployment_15.csv' (seed 1992)
{128.64,36.48,5.68,28.03,34.56,23.88,115.35,10.60,11.21,2.30,22.73,15.28,16.67,22.81,13.75,76.11,8.14,5.91,16.13,4.53,9.14,16.05,16.20,70.81,9.98,8.91,10.14,8.68,9.37,10.14,2.00,2.46,2.00,7.14,99.30,5.84,10.37,1.46,11.60,11.52,13.82,12.75,12.83,12.60,6.53,72.73,10.83,11.06,10.52,10.68,9.22,7.68,3.30,3.38,2.38,3.69,215.50,46.16,42.62,36.63,47.39,42.70,172.03,18.36,22.04,25.96,23.65,20.81,24.81,13.90,22.50}
{0.14,1.09,0.36,1.23,0.80,0.00,3.88,2.23}
{Inf,-70.69,-71.27,-64.48,-64.56,-69.18,Inf,-68.50,-68.91,-71.27,-68.49,-65.09,-65.12,-61.26,-70.10,Inf,-67.10,-69.90,-66.72,-69.88,-67.64,-48.50,-56.20,Inf,-57.09,-65.83,-57.34,-66.79,-64.14,-59.06,-69.41,-70.10,-70.66,-68.56,Inf,-70.27,-65.22,-71.22,-67.10,-62.43,-56.25,-65.91,-59.42,-53.09,-66.89,Inf,-71.27,-56.47,-59.60,-58.01,-66.71,-67.47,-70.79,-68.49,-69.59,-70.20,Inf,-56.74,-65.75,-63.07,-65.18,-62.41,Inf,-70.25,-56.48,-59.81,-64.67,-69.91,-70.69,-67.12,-68.82}
{Inf,-91.21,-78.94,-95.79,-96.69,-106.03,-111.88,-118.07;
-91.21,Inf,-95.79,-78.94,-106.03,-96.69,-118.07,-111.88;
-78.94,-95.79,Inf,-91.21,-78.94,-95.79,-96.69,-106.03;
-95.79,-78.94,-91.21,Inf,-95.79,-78.94,-106.03,-96.69;
-96.69,-106.03,-78.94,-95.79,Inf,-91.21,-78.94,-95.79;
-106.03,-96.69,-95.79,-78.94,-91.21,Inf,-95.79,-78.94;
-111.88,-118.07,-96.69,-106.03,-78.94,-95.79,Inf,-91.21;
-118.07,-111.88,-106.03,-96.69,-95.79,-78.94,-91.21,Inf}
 KOMONDOR SIMULATION 'sim_input_nodes_sce2b_deployment_16.csv' (seed 1992)
{191.00,27.03,32.33,31.10,32.64,35.25,32.64,129.25,10.91,25.34,26.11,28.11,24.58,12.06,2.15,67.51,3.76,15.90,13.59,4.53,5.07,11.14,2.07,11.44,89.16,12.52,15.21,13.06,14.67,8.06,5.22,11.14,9.29,71.27,14.52,8.14,5.53,1.54,18.12,8.06,15.36,94.00,9.83,11.29,9.91,10.14,1.23,9.83,5.76,12.60,11.90,11.52,148.30,28.34,30.34,25.96,21.96,26.19,15.51,137.63,24.81,22.73,8.68,24.81,23.81,0.38,9.06,23.35}
{0.94,-13.65,0.83,0.24,0.24,0.65,2.49,0.00}
{Inf,-65.84,-70.15,-62.27,-70.09,-69.63,-57.77,Inf,-71.43,-71.39,-67.93,-59.89,-69.80,-67.31,-70.53,Inf,-68.91,-58.62,-61.36,-69.93,-68.64,-52.11,-71.01,-62.71,Inf,-66.88,-69.72,-62.00,-59.11,-67.11,-66.56,-63.04,-64.22,Inf,-69.42,-71.19,-68.85,-70.84,-59.94,-67.43,-59.66,Inf,-70.97,-71.03,-60.82,-53.34,-70.61,-63.88,-66.53,-56.63,-56.88,-62.12,Inf,-58.76,-60.16,-65.19,-71.06,-70.17,-67.54,Inf,-68.81,-65.29,-68.75,-70.57,-70.93,-70.96,-69.02,-55.86}
{Inf,-91.21,-78.94,-95.79,-96.69,-106.03,-111.88,-118.07;
-91.21,Inf,-95.79,-78.94,-106.03,-96.69,-118.07,-111.88;
-78.94,-95.79,Inf,-91.21,-78.94,-95.79,-96.69,-106.03;
-95.79,-78.94,-91.21,Inf,-95.79,-78.94,-106.03,-96.69;
-96.69,-106.03,-78.94,-95.79,Inf,-91.21,-78.94,-95.79;
-106.03,-96.69,-95.79,-78.94,-91.21,Inf,-95.79,-78.94;
-111.88,-118.07,-96.69,-106.03,-78.94,-95.79,Inf,-91.21;
-118.07,-111.88,-106.03,-96.69,-95.79,-78.94,-91.21,Inf}
 KOMONDOR SIMULATION 'sim_input_nodes_sce2b_deployment_17.csv' (seed 1992)
{130.33,18.82,18.20,17.59,1.92,20.81,13.67,15.59,17.28,6.45,151.30,21.12,24.35,29.03,26.57,17.59,32.64,40.86,0.46,4.38,4.68,11.83,19.51,83.56,9.83,6.68,4.76,10.68,11.83,12.21,5.91,5.22,6.68,9.75,55.76,9.91,2.84,6.76,8.52,2.61,11.14,9.91,4.07,68.51,6.53,8.06,1.84,1.92,11.06,9.06,1.31,8.45,10.91,9.37,77.57,26.88,1.92,4.68,20.28,7.22,8.60,7.99,167.88,35.33,47.39,21.81,23.04,40.32}
{0.18,1.33,0.00,0.12,0.85,0.59,0.00,1.52}
{Inf,-70.93,-66.58,-57.99,-70.62,-67.35,-67.61,-68.18,-71.44,-69.12,Inf,-67.34,-66.06,-63.45,-64.26,-69.51,-60.45,Inf,-71.32,-71.41,-68.81,-68.49,-71.02,Inf,-68.51,-66.80,-69.07,-63.30,-70.92,-65.20,-69.43,-71.19,-66.54,-70.50,Inf,-62.42,-70.10,-71.39,-68.49,-67.84,-54.83,-71.24,-66.42,Inf,-63.24,-64.09,-67.67,-68.25,-57.64,-67.53,-71.05,-64.86,-49.91,-65.11,Inf,-67.11,-70.90,-69.79,-71.33,-68.80,-68.65,-69.14,Inf,-60.68,-55.65,-67.88,-69.09,-65.37}
{Inf,-91.21,-78.94,-95.79,-96.69,-106.03,-111.88,-118.07;
-91.21,Inf,-95.79,-78.94,-106.03,-96.69,-118.07,-111.88;
-78.94,-95.79,Inf,-91.21,-78.94,-95.79,-96.69,-106.03;
-95.79,-78.94,-91.21,Inf,-95.79,-78.94,-106.03,-96.69;
-96.69,-106.03,-78.94,-95.79,Inf,-91.21,-78.94,-95.79;
-106.03,-96.69,-95.79,-78.94,-91.21,Inf,-95.79,-78.94;
-111.88,-118.07,-96.69,-106.03,-78.94,-95.79,Inf,-91.21;
-118.07,-111.88,-106.03,-96.69,-95.79,-78.94,-91.21,Inf}
 KOMONDOR SIMULATION 'sim_input_nodes_sce2b_deployment_18.csv' (seed 1992)
{172.65,22.43,11.83,10.91,16.05,16.51,22.50,10.21,18.05,22.96,21.20,156.13,22.96,17.82,18.74,16.36,19.66,23.19,13.90,15.13,8.37,87.71,9.75,6.76,13.06,6.60,12.75,8.83,14.82,15.13,80.64,14.05,15.90,6.37,13.98,16.20,3.92,10.21,90.24,9.91,12.21,2.15,9.91,15.90,11.83,10.06,8.83,9.45,71.04,11.98,4.99,9.75,11.14,3.92,13.75,13.59,1.92,220.34,25.80,25.34,26.11,24.35,26.57,25.42,19.35,21.58,25.80,164.04,21.43,15.28,14.13,18.66,5.91,18.51,16.51,16.90,15.21,21.50}
{0.00,1.02,0.49,0.97,0.07,0.14,2.46,0.79}
{Inf,-63.79,-66.32,-67.61,-68.68,-69.10,-57.31,-69.60,-66.87,-65.95,-55.10,Inf,-64.04,-62.52,-69.93,-64.92,-60.43,-63.46,-70.61,-65.55,-68.54,Inf,-65.22,-67.58,-64.01,-67.51,-66.82,-66.78,-62.31,-60.23,Inf,-66.98,-59.53,-66.82,-61.64,-62.43,-70.08,-69.03,Inf,-66.88,-66.97,-70.35,-64.97,-51.13,-66.83,-65.75,-66.81,-69.89,Inf,-63.73,-67.56,-68.49,-64.15,-68.50,-62.68,-67.49,-70.12,Inf,-63.55,-59.46,-69.04,-50.10,-63.95,-55.34,-65.79,-69.78,-67.28,Inf,-59.91,-69.84,-68.65,-66.90,-69.52,-65.55,-70.96,-68.75,-65.87,-63.02}
{Inf,-91.21,-78.94,-95.79,-96.69,-106.03,-111.88,-118.07;
-91.21,Inf,-95.79,-78.94,-106.03,-96.69,-118.07,-111.88;
-78.94,-95.79,Inf,-91.21,-78.94,-95.79,-96.69,-106.03;
-95.79,-78.94,-91.21,Inf,-95.79,-78.94,-106.03,-96.69;
-96.69,-106.03,-78.94,-95.79,Inf,-91.21,-78.94,-95.79;
-106.03,-96.69,-95.79,-78.94,-91.21,Inf,-95.79,-78.94;
-111.88,-118.07,-96.69,-106.03,-78.94,-95.79,Inf,-91.21;
-118.07,-111.88,-106.03,-96.69,-95.79,-78.94,-91.21,Inf}
 KOMONDOR SIMULATION 'sim_input_nodes_sce2b_deployment_19.csv' (seed 1992)
{145.23,19.28,31.03,27.42,33.72,24.12,9.68,174.03,10.91,24.42,27.88,30.87,27.49,19.81,7.76,24.88,91.85,24.12,15.36,23.19,4.61,24.58,76.42,8.52,11.44,12.44,15.74,14.90,3.61,9.75,73.80,13.06,14.90,14.75,3.69,4.38,9.75,13.29,53.99,18.12,3.00,1.61,11.90,11.67,7.68,117.50,20.97,31.18,29.26,2.92,25.96,7.22,141.08,16.51,32.33,22.04,29.57,16.74,23.88}
{0.55,-10.95,0.82,0.12,0.00,0.36,0.00,0.00}
{Inf,-66.95,-63.55,-70.70,-58.91,-70.30,-68.25,Inf,-69.46,-65.74,-59.33,-63.11,-60.15,-66.81,-70.11,-62.42,Inf,-57.87,-65.35,-67.22,-70.06,-56.73,Inf,-67.66,-68.53,-64.22,-64.44,-60.94,-70.69,-68.34,Inf,-65.20,-68.61,-64.61,-68.50,-69.81,-67.94,-64.30,Inf,-61.71,-70.68,-71.30,-65.28,-69.10,-71.19,Inf,-69.44,-62.34,-65.85,-70.88,-70.42,-69.97,Inf,-67.52,-58.57,-69.54,-66.68,-68.61,-65.92}
{Inf,-91.21,-78.94,-95.79,-96.69,-106.03,-111.88,-118.07;
-91.21,Inf,-95.79,-78.94,-106.03,-96.69,-118.07,-111.88;
-78.94,-95.79,Inf,-91.21,-78.94,-95.79,-96.69,-106.03;
-95.79,-78.94,-91.21,Inf,-95.79,-78.94,-106.03,-96.69;
-96.69,-106.03,-78.94,-95.79,Inf,-91.21,-78.94,-95.79;
-106.03,-96.69,-95.79,-78.94,-91.21,Inf,-95.79,-78.94;
-111.88,-118.07,-96.69,-106.03,-78.94,-95.79,Inf,-91.21;
-118.07,-111.88,-106.03,-96.69,-95.79,-78.94,-91.21,Inf}
 KOMONDOR SIMULATION 'sim_input_nodes_sce2b_deployment_20.csv' (seed 1992)
{191.31,22.12,22.73,19.35,20.04,13.36,21.58,20.66,18.97,22.04,10.44,114.59,28.49,17.36,21.43,1.77,30.34,15.21,97.00,21.89,20.28,17.97,12.83,24.04,72.50,0.38,11.14,12.67,3.46,13.36,11.06,10.29,10.14,78.34,2.07,17.82,16.36,7.76,16.82,17.51,58.83,1.69,0.84,12.60,9.75,12.90,7.91,5.22,7.60,0.31,135.94,5.99,6.68,8.45,25.80,26.04,19.28,20.58,23.12,139.16,0.61,18.36,13.90,18.89,15.67,15.13,12.90,19.20,16.82,7.68}
{1.13,0.99,1.70,0.36,0.49,0.00,1.70,0.73}
{Inf,-70.31,-68.59,-62.50,-63.88,-67.58,-61.92,-58.50,-65.87,-54.54,-68.58,Inf,-67.69,-66.74,-69.95,-70.58,-56.20,-70.60,Inf,-63.08,-70.76,-65.92,-68.94,-59.81,Inf,-70.86,-70.79,-68.89,-68.76,-62.65,-66.83,-70.45,-61.34,Inf,-71.13,-63.11,-61.87,-67.84,-67.69,-59.10,Inf,-70.29,-70.83,-54.74,-67.01,-58.76,-64.89,-66.54,-66.16,-70.93,Inf,-71.04,-71.23,-69.70,-54.05,-66.72,-69.79,-65.81,-60.12,Inf,-71.36,-70.05,-69.08,-56.77,-69.40,-63.07,-67.12,-65.06,-64.71,-69.34}
{Inf,-91.21,-78.94,-95.79,-96.69,-106.03,-111.88,-118.07;
-91.21,Inf,-95.79,-78.94,-106.03,-96.69,-118.07,-111.88;
-78.94,-95.79,Inf,-91.21,-78.94,-95.79,-96.69,-106.03;
-95.79,-78.94,-91.21,Inf,-95.79,-78.94,-106.03,-96.69;
-96.69,-106.03,-78.94,-95.79,Inf,-91.21,-78.94,-95.79;
-106.03,-96.69,-95.79,-78.94,-91.21,Inf,-95.79,-78.94;
-111.88,-118.07,-96.69,-106.03,-78.94,-95.79,Inf,-91.21;
-118.07,-111.88,-106.03,-96.69,-95.79,-78.94,-91.21,Inf}
 KOMONDOR SIMULATION 'sim_input_nodes_sce2b_deployment_21.csv' (seed 1992)
{161.28,23.73,17.97,32.56,20.12,29.64,14.36,22.89,108.83,14.52,24.88,20.74,12.98,19.74,4.76,9.45,1.77,86.55,12.36,19.81,22.27,17.89,14.21,94.85,13.44,12.21,8.52,13.13,10.98,9.22,13.59,13.75,86.71,20.97,3.92,21.73,16.82,23.27,98.53,13.82,22.50,21.12,2.76,20.04,18.28,115.81,10.98,4.30,0.84,18.59,3.23,13.75,17.13,19.43,19.81,7.76,168.88,32.79,27.26,32.56,4.07,27.26,27.49,17.43}
{0.00,0.49,0.36,4.73,0.24,1.59,0.44,2.28}
{Inf,-69.57,-70.52,-68.93,-66.51,-63.99,-68.15,-67.21,Inf,-66.97,-71.46,-62.20,-67.82,-66.60,-71.00,-66.59,-71.37,Inf,-70.38,-65.15,-54.45,-68.81,-65.12,Inf,-63.77,-59.91,-66.73,-68.88,-67.92,-66.54,-62.01,-60.45,Inf,-60.07,-69.22,-65.27,-70.14,-58.97,Inf,-67.60,-56.31,-54.77,-69.67,-63.91,-61.29,Inf,-66.89,-70.29,-70.91,-64.20,-71.11,-67.17,-63.87,-50.06,-61.00,-71.05,Inf,-57.69,-65.32,-69.25,-70.80,-63.77,-61.70,-68.04}
{Inf,-91.21,-78.94,-95.79,-96.69,-106.03,-111.88,-118.07;
-91.21,Inf,-95.79,-78.94,-106.03,-96.69,-118.07,-111.88;
-78.94,-95.79,Inf,-91.21,-78.94,-95.79,-96.69,-106.03;
-95.79,-78.94,-91.21,Inf,-95.79,-78.94,-106.03,-96.69;
-96.69,-106.03,-78.94,-95.79,Inf,-91.21,-78.94,-95.79;
-106.03,-96.69,-95.79,-78.94,-91.21,Inf,-95.79,-78.94;
-111.88,-118.07,-96.69,-106.03,-78.94,-95.79,Inf,-91.21;
-118.07,-111.88,-106.03,-96.69,-95.79,-78.94,-91.21,Inf}
 KOMONDOR SIMULATION 'sim_input_nodes_sce2b_deployment_22.csv' (seed 1992)
{205.06,26.11,28.26,28.57,28.11,25.57,25.65,19.89,22.89,148.68,7.91,6.60,21.50,20.51,8.37,20.89,21.12,2.53,22.35,16.90,58.52,16.67,4.99,5.07,2.53,15.21,9.29,4.76,76.57,8.99,12.52,11.75,11.21,6.07,2.84,11.67,11.52,70.89,9.83,5.22,11.21,2.30,9.60,8.45,8.60,8.83,2.23,4.61,71.50,13.67,13.82,3.84,5.68,14.21,1.15,6.53,12.60,187.08,10.60,20.58,19.66,21.04,19.58,11.14,21.35,19.12,20.74,23.27,163.81,22.73,10.83,23.73,16.44,9.98,22.73,22.50,9.83,25.04}
{0.85,1.47,0.27,0.12,0.36,0.49,1.82,0.89}
{Inf,-63.11,-61.03,-60.93,-66.78,-69.00,-55.46,-68.28,-64.27,Inf,-68.30,-69.45,-61.30,-54.26,-68.80,-68.96,-61.73,-70.17,-60.40,-64.39,Inf,-63.73,-70.53,-69.18,-70.37,-64.90,-64.29,-70.69,Inf,-65.55,-70.72,-69.48,-63.94,-69.37,-71.40,-63.38,-69.92,Inf,-65.29,-71.16,-67.12,-70.80,-61.02,-67.34,-64.49,-60.47,-70.34,-69.56,Inf,-50.26,-67.58,-71.45,-67.51,-61.06,-71.11,-67.90,-60.42,Inf,-66.72,-70.29,-60.33,-65.70,-69.09,-69.13,-56.85,-69.94,-60.37,-57.09,Inf,-71.12,-70.30,-47.79,-68.14,-67.12,-60.61,-69.08,-69.46,-56.80}
{Inf,-91.21,-78.94,-95.79,-96.69,-106.03,-111.88,-118.07;
-91.21,Inf,-95.79,-78.94,-106.03,-96.69,-118.07,-111.88;
-78.94,-95.79,Inf,-91.21,-78.94,-95.79,-96.69,-106.03;
-95.79,-78.94,-91.21,Inf,-95.79,-78.94,-106.03,-96.69;
-96.69,-106.03,-78.94,-95.79,Inf,-91.21,-78.94,-95.79;
-106.03,-96.69,-95.79,-78.94,-91.21,Inf,-95.79,-78.94;
-111.88,-118.07,-96.69,-106.03,-78.94,-95.79,Inf,-91.21;
-118.07,-111.88,-106.03,-96.69,-95.79,-78.94,-91.21,Inf}
 KOMONDOR SIMULATION 'sim_input_nodes_sce2b_deployment_23.csv' (seed 1992)
{213.66,46.92,38.63,44.16,43.70,40.24,141.00,24.96,25.34,19.89,14.67,2.23,26.73,27.19,93.08,17.28,17.13,15.51,3.76,20.28,19.12,69.12,10.37,10.68,2.00,3.38,5.38,5.15,4.68,8.91,7.68,10.91,45.31,6.53,9.75,14.44,1.84,12.75,98.30,19.81,20.97,12.75,21.35,7.91,15.51,124.72,1.77,28.19,27.72,2.69,32.03,32.33,174.95,26.50,33.48,18.43,33.18,35.79,27.57}
{0.00,0.00,0.14,1.73,-0.00,0.53,0.19,2.06}
{Inf,-51.03,-68.94,-61.37,-61.10,-70.39,Inf,-68.40,-63.97,-65.90,-70.59,-70.50,-67.15,-70.74,Inf,-65.30,-67.04,-64.23,-70.61,-65.99,-64.43,Inf,-64.46,-57.81,-69.57,-68.96,-70.45,-71.03,-69.99,-60.22,-68.02,-59.76,Inf,-69.34,-66.57,-70.38,-70.26,-67.47,Inf,-68.38,-69.61,-69.43,-55.58,-68.22,-63.82,Inf,-70.10,-60.25,-53.29,-70.42,-69.91,-69.47,Inf,-67.32,-70.43,-68.84,-56.83,-63.86,-64.97}
{Inf,-91.21,-78.94,-95.79,-96.69,-106.03,-111.88,-118.07;
-91.21,Inf,-95.79,-78.94,-106.03,-96.69,-118.07,-111.88;
-78.94,-95.79,Inf,-91.21,-78.94,-95.79,-96.69,-106.03;
-95.79,-78.94,-91.21,Inf,-95.79,-78.94,-106.03,-96.69;
-96.69,-106.03,-78.94,-95.79,Inf,-91.21,-78.94,-95.79;
-106.03,-96.69,-95.79,-78.94,-91.21,Inf,-95.79,-78.94;
-111.88,-118.07,-96.69,-106.03,-78.94,-95.79,Inf,-91.21;
-118.07,-111.88,-106.03,-96.69,-95.79,-78.94,-91.21,Inf}
 KOMONDOR SIMULATION 'sim_input_nodes_sce2b_deployment_24.csv' (seed 1992)
{146.69,24.58,16.74,13.13,21.89,14.36,24.35,8.22,23.42,125.80,14.05,14.52,15.90,15.90,10.06,24.88,19.43,11.06,77.95,11.44,12.06,1.92,11.75,12.06,11.67,11.60,2.00,3.46,61.98,8.83,5.84,8.37,7.14,5.53,9.06,1.54,4.15,11.52,87.24,10.14,9.29,7.22,6.99,6.91,10.37,8.37,10.21,9.22,8.52,82.87,7.99,7.76,5.45,3.76,7.45,13.44,10.29,10.06,9.45,7.22,166.73,32.03,32.33,31.41,11.37,28.03,31.56,158.13,6.91,35.56,42.01,39.55,34.10}
{0.13,0.49,0.95,0.38,0.36,0.36,4.00,-0.00}
{Inf,-70.90,-68.95,-67.94,-70.01,-68.46,-66.93,-68.24,-49.08,Inf,-70.18,-69.33,-69.60,-68.25,-69.31,-63.42,-70.24,-68.21,Inf,-66.16,-54.75,-70.14,-64.23,-59.22,-61.95,-66.36,-70.75,-70.07,Inf,-64.27,-67.16,-67.35,-64.29,-67.48,-61.76,-70.27,-69.63,-62.42,Inf,-60.38,-70.12,-67.95,-71.11,-67.40,-61.41,-67.40,-69.58,-63.02,-59.73,Inf,-69.69,-69.56,-66.52,-71.24,-70.41,-59.90,-66.67,-66.03,-69.88,-68.06,Inf,-69.33,-61.70,-70.23,-69.80,-70.04,-62.68,Inf,-71.03,-58.04,-64.08,-67.26,-67.52}
{Inf,-91.21,-78.94,-95.79,-96.69,-106.03,-111.88,-118.07;
-91.21,Inf,-95.79,-78.94,-106.03,-96.69,-118.07,-111.88;
-78.94,-95.79,Inf,-91.21,-78.94,-95.79,-96.69,-106.03;
-95.79,-78.94,-91.21,Inf,-95.79,-78.94,-106.03,-96.69;
-96.69,-106.03,-78.94,-95.79,Inf,-91.21,-78.94,-95.79;
-106.03,-96.69,-95.79,-78.94,-91.21,Inf,-95.79,-78.94;
-111.88,-118.07,-96.69,-106.03,-78.94,-95.79,Inf,-91.21;
-118.07,-111.88,-106.03,-96.69,-95.79,-78.94,-91.21,Inf}
 KOMONDOR SIMULATION 'sim_input_nodes_sce2b_deployment_25.csv' (seed 1992)
{122.11,6.99,11.75,18.74,20.04,11.83,17.05,4.22,19.51,11.98,165.66,19.81,13.90,15.51,18.12,20.43,11.14,17.59,16.67,16.20,16.28,54.68,2.23,4.99,11.52,15.21,5.15,15.59,62.75,0.61,3.15,8.91,1.23,10.75,11.52,9.68,12.90,1.54,2.46,110.05,20.43,23.12,21.35,19.12,26.04,100.99,8.60,11.60,10.06,12.67,3.46,11.67,10.21,8.45,10.83,13.44,176.72,13.90,26.04,36.86,37.09,29.72,33.10,157.06,1.23,20.74,21.20,22.58,0.61,5.53,22.35,14.82,23.42,24.58}
{0.18,0.12,0.08,0.14,0.12,0.78,0.27,0.91}
{Inf,-70.67,-69.81,-70.62,-68.85,-68.08,-71.10,-70.68,-71.27,-65.21,Inf,-48.42,-70.50,-63.02,-69.44,-67.00,-68.43,-63.31,-63.51,-67.89,-68.96,Inf,-69.71,-68.95,-70.26,-67.86,-68.69,-56.74,Inf,-70.46,-68.97,-67.26,-70.80,-64.04,-55.35,-64.75,-61.91,-70.34,-69.98,Inf,-68.43,-69.17,-62.47,-64.13,-63.36,Inf,-67.30,-57.33,-66.75,-54.67,-68.69,-60.18,-62.62,-69.72,-63.80,-62.94,Inf,-71.07,-62.74,-58.53,-56.45,-62.82,-70.45,Inf,-71.05,-64.49,-59.90,-64.60,-71.03,-67.98,-64.99,-69.90,-64.69,-54.77}
{Inf,-91.21,-78.94,-95.79,-96.69,-106.03,-111.88,-118.07;
-91.21,Inf,-95.79,-78.94,-106.03,-96.69,-118.07,-111.88;
-78.94,-95.79,Inf,-91.21,-78.94,-95.79,-96.69,-106.03;
-95.79,-78.94,-91.21,Inf,-95.79,-78.94,-106.03,-96.69;
-96.69,-106.03,-78.94,-95.79,Inf,-91.21,-78.94,-95.79;
-106.03,-96.69,-95.79,-78.94,-91.21,Inf,-95.79,-78.94;
-111.88,-118.07,-96.69,-106.03,-78.94,-95.79,Inf,-91.21;
-118.07,-111.88,-106.03,-96.69,-95.79,-78.94,-91.21,Inf}
 KOMONDOR SIMULATION 'sim_input_nodes_sce2b_deployment_26.csv' (seed 1992)
{190.08,42.01,36.10,32.87,38.25,40.86,149.76,18.97,21.96,6.76,19.05,11.14,7.83,17.13,19.20,19.58,8.14,73.73,3.99,6.37,11.98,12.60,10.14,13.59,3.46,11.60,77.80,18.59,15.05,13.75,0.77,18.51,11.14,88.17,14.52,3.30,6.91,12.60,12.83,0.84,9.91,13.52,13.75,100.84,10.68,3.23,14.44,9.14,15.97,17.28,13.98,16.13,157.29,3.76,26.27,23.96,21.58,20.89,26.11,25.11,0.31,9.29,205.75,45.39,45.47,49.08,49.31,16.51}
{3.35,0.49,0.16,1.23,0.97,1.10,3.80,1.88}
{Inf,-58.61,-59.64,-66.15,-71.29,-58.44,Inf,-64.56,-62.74,-68.02,-63.42,-67.78,-69.34,-68.39,-60.23,-65.95,-70.32,Inf,-69.07,-67.98,-70.75,-54.99,-66.46,-67.84,-70.33,-66.24,Inf,-65.44,-69.31,-64.74,-71.32,-63.66,-68.61,Inf,-58.15,-68.46,-66.88,-57.68,-70.22,-69.99,-63.14,-63.68,-61.86,Inf,-66.29,-69.36,-69.87,-68.14,-57.46,-56.12,-58.65,-57.62,Inf,-69.87,-61.47,-58.53,-61.50,-57.88,-62.14,-60.67,-70.94,-71.41,Inf,-61.80,-65.98,-53.49,-69.11,-69.63}
{Inf,-91.21,-78.94,-95.79,-96.69,-106.03,-111.88,-118.07;
-91.21,Inf,-95.79,-78.94,-106.03,-96.69,-118.07,-111.88;
-78.94,-95.79,Inf,-91.21,-78.94,-95.79,-96.69,-106.03;
-95.79,-78.94,-91.21,Inf,-95.79,-78.94,-106.03,-96.69;
-96.69,-106.03,-78.94,-95.79,Inf,-91.21,-78.94,-95.79;
-106.03,-96.69,-95.79,-78.94,-91.21,Inf,-95.79,-78.94;
-111.88,-118.07,-96.69,-106.03,-78.94,-95.79,Inf,-91.21;
-118.07,-111.88,-106.03,-96.69,-95.79,-78.94,-91.21,Inf}
 KOMONDOR SIMULATION 'sim_input_nodes_sce2b_deployment_27.csv' (seed 1992)
{193.38,39.40,35.79,34.94,43.70,39.55,168.27,21.58,19.89,21.43,18.66,24.88,22.20,9.68,24.27,5.68,96.61,9.60,11.14,8.45,10.14,11.44,7.68,5.15,11.14,11.29,10.60,67.43,10.98,16.74,1.08,19.81,2.15,16.67,81.18,4.53,11.44,12.60,13.98,14.52,5.30,3.23,15.59,103.30,9.37,12.13,13.13,9.60,8.99,12.83,13.29,11.21,12.75,167.58,3.76,19.51,23.04,13.06,19.97,19.89,17.59,21.96,6.84,21.96,181.02,18.51,15.51,5.68,23.50,10.21,18.59,22.73,19.97,24.58,21.73}
{0.20,0.68,1.29,0.23,0.52,0.97,1.33,3.14}
{Inf,-65.91,-66.66,-70.25,-55.80,-63.72,Inf,-71.38,-64.30,-65.02,-65.92,-57.72,-68.45,-68.26,-58.16,-71.24,Inf,-69.83,-67.05,-63.65,-64.29,-60.93,-66.43,-70.19,-51.53,-61.73,-63.64,Inf,-68.92,-64.41,-70.47,-58.04,-71.17,-64.50,Inf,-67.98,-61.23,-62.87,-64.09,-64.53,-71.34,-70.55,-54.42,Inf,-68.34,-68.85,-63.32,-66.81,-67.44,-61.66,-65.38,-69.60,-59.46,Inf,-70.06,-66.82,-63.63,-68.72,-63.28,-60.31,-66.00,-68.68,-68.84,-66.75,Inf,-68.27,-64.89,-69.63,-57.05,-69.28,-66.92,-66.18,-62.55,-58.85,-64.99}
{Inf,-91.21,-78.94,-95.79,-96.69,-106.03,-111.88,-118.07;
-91.21,Inf,-95.79,-78.94,-106.03,-96.69,-118.07,-111.88;
-78.94,-95.79,Inf,-91.21,-78.94,-95.79,-96.69,-106.03;
-95.79,-78.94,-91.21,Inf,-95.79,-78.94,-106.03,-96.69;
-96.69,-106.03,-78.94,-95.79,Inf,-91.21,-78.94,-95.79;
-106.03,-96.69,-95.79,-78.94,-91.21,Inf,-95.79,-78.94;
-111.88,-118.07,-96.69,-106.03,-78.94,-95.79,Inf,-91.21;
-118.07,-111.88,-106.03,-96.69,-95.79,-78.94,-91.21,Inf}
 KOMONDOR SIMULATION 'sim_input_nodes_sce2b_deployment_28.csv' (seed 1992)
{163.05,19.74,17.20,19.12,18.20,16.90,17.43,19.12,18.82,16.51,160.82,6.68,16.36,18.82,18.66,19.28,20.43,19.05,12.21,12.29,17.05,74.50,6.76,9.14,10.37,10.14,10.29,9.68,3.69,10.06,3.92,0.46,82.33,12.29,14.59,14.67,8.68,4.92,12.98,14.21,107.67,11.98,14.52,13.67,13.21,11.75,11.21,11.75,6.84,12.75,88.09,5.84,15.67,2.00,16.28,14.75,17.28,16.28,202.83,28.42,27.42,19.89,24.58,28.11,21.43,26.27,26.73,181.48,31.33,31.03,37.09,33.33,31.64,17.05}
{2.06,-0.00,0.00,0.00,1.03,0.36,0.07,-0.00}
{Inf,-61.95,-70.69,-68.85,-69.86,-67.69,-63.67,-70.14,-61.70,-71.42,Inf,-70.49,-65.83,-68.89,-65.23,-70.41,-66.12,-68.02,-69.17,-68.16,-66.56,Inf,-67.27,-64.65,-62.46,-66.51,-66.03,-67.73,-70.08,-70.72,-71.35,-71.12,Inf,-65.04,-63.96,-70.76,-68.13,-69.41,-65.14,-67.24,Inf,-69.26,-55.65,-59.22,-57.12,-62.09,-62.93,-62.89,-69.21,-68.10,Inf,-67.72,-50.96,-71.22,-63.74,-65.84,-57.44,-71.39,Inf,-69.13,-53.64,-69.70,-67.74,-67.73,-68.12,-71.19,-59.92,Inf,-70.09,-62.22,-67.63,-68.62,-59.38,-66.08}
{Inf,-91.21,-78.94,-95.79,-96.69,-106.03,-111.88,-118.07;
-91.21,Inf,-95.79,-78.94,-106.03,-96.69,-118.07,-111.88;
-78.94,-95.79,Inf,-91.21,-78.94,-95.79,-96.69,-106.03;
-95.79,-78.94,-91.21,Inf,-95.79,-78.94,-106.03,-96.69;
-96.69,-106.03,-78.94,-95.79,Inf,-91.21,-78.94,-95.79;
-106.03,-96.69,-95.79,-78.94,-91.21,Inf,-95.79,-78.94;
-111.88,-118.07,-96.69,-106.03,-78.94,-95.79,Inf,-91.21;
-118.07,-111.88,-106.03,-96.69,-95.79,-78.94,-91.21,Inf}
 KOMONDOR SIMULATION 'sim_input_nodes_sce2b_deployment_29.csv' (seed 1992)
{116.51,33.33,1.92,36.33,12.06,32.87,164.74,21.73,14.90,14.59,25.11,26.04,9.75,20.74,10.44,21.43,60.29,11.29,16.36,17.20,2.84,12.60,97.69,11.06,12.21,2.15,4.68,10.14,11.21,11.37,13.90,10.14,10.83,76.88,17.59,23.04,20.28,6.68,9.29,90.24,11.44,20.58,15.21,18.82,17.36,6.84,134.63,10.37,29.80,30.49,18.36,12.90,32.72,197.84,26.88,17.36,27.26,23.81,25.80,29.18,16.74,30.80}
{0.09,0.12,1.00,1.47,2.18,0.49,1.12,3.46}
{Inf,-70.34,-71.14,-71.31,-70.70,-58.66,Inf,-69.54,-68.46,-71.15,-63.99,-60.50,-68.86,-63.55,-68.04,-62.89,Inf,-71.04,-57.67,-60.73,-69.81,-70.88,Inf,-62.56,-56.09,-70.02,-69.70,-70.95,-57.17,-67.92,-56.11,-70.24,-48.86,Inf,-63.90,-69.60,-62.74,-70.37,-67.56,Inf,-65.39,-62.60,-63.91,-62.76,-70.86,-68.32,Inf,-70.80,-64.32,-68.69,-70.65,-66.77,-54.67,Inf,-64.82,-67.10,-58.62,-69.10,-68.89,-60.71,-65.27,-47.81}
{Inf,-91.21,-78.94,-95.79,-96.69,-106.03,-111.88,-118.07;
-91.21,Inf,-95.79,-78.94,-106.03,-96.69,-118.07,-111.88;
-78.94,-95.79,Inf,-91.21,-78.94,-95.79,-96.69,-106.03;
-95.79,-78.94,-91.21,Inf,-95.79,-78.94,-106.03,-96.69;
-96.69,-106.03,-78.94,-95.79,Inf,-91.21,-78.94,-95.79;
-106.03,-96.69,-95.79,-78.94,-91.21,Inf,-95.79,-78.94;
-111.88,-118.07,-96.69,-106.03,-78.94,-95.79,Inf,-91.21;
-118.07,-111.88,-106.03,-96.69,-95.79,-78.94,-91.21,Inf}
 KOMONDOR SIMULATION 'sim_input_nodes_sce2b_deployment_30.csv' (seed 1992)
{154.37,19.81,13.06,18.74,11.90,19.20,18.66,7.07,19.28,7.99,18.66,182.17,19.74,18.36,17.20,19.51,20.43,18.66,18.36,17.28,10.68,21.96,82.48,11.37,6.14,15.74,13.90,13.36,9.91,12.06,60.52,8.60,1.46,8.45,6.07,8.99,1.84,8.29,2.76,5.53,8.52,58.14,1.15,3.92,13.67,2.76,12.98,10.83,4.76,8.06,63.82,4.76,7.91,10.60,10.98,3.46,11.06,0.84,7.14,4.76,2.30,128.95,2.23,1.69,19.05,16.90,9.68,18.05,20.04,19.12,22.20,119.50,6.76,16.05,20.04,8.14,27.11,7.14,9.98,24.27}
{0.49,0.82,0.00,1.21,0.41,0.00,4.81,1.37}
{Inf,-68.13,-67.01,-55.35,-70.76,-67.55,-55.82,-70.72,-70.13,-69.24,-65.43,Inf,-67.18,-55.50,-69.50,-70.22,-57.28,-66.51,-61.05,-63.45,-67.44,-70.74,Inf,-65.48,-67.68,-64.84,-66.32,-56.49,-65.92,-67.69,Inf,-70.10,-70.86,-67.85,-66.41,-63.46,-71.13,-59.83,-71.21,-71.09,-67.00,Inf,-70.07,-71.40,-58.83,-70.45,-56.18,-67.93,-67.73,-70.78,Inf,-66.59,-64.17,-63.85,-64.99,-68.49,-59.03,-70.11,-67.62,-66.46,-70.09,Inf,-70.79,-71.37,-61.00,-63.68,-66.28,-56.22,-65.72,-61.14,-58.92,Inf,-69.00,-69.65,-69.28,-69.07,-58.91,-70.80,-69.24,-54.75}
{Inf,-91.21,-78.94,-95.79,-96.69,-106.03,-111.88,-118.07;
-91.21,Inf,-95.79,-78.94,-106.03,-96.69,-118.07,-111.88;
-78.94,-95.79,Inf,-91.21,-78.94,-95.79,-96.69,-106.03;
-95.79,-78.94,-91.21,Inf,-95.79,-78.94,-106.03,-96.69;
-96.69,-106.03,-78.94,-95.79,Inf,-91.21,-78.94,-95.79;
-106.03,-96.69,-95.79,-78.94,-91.21,Inf,-95.79,-78.94;
-111.88,-118.07,-96.69,-106.03,-78.94,-95.79,Inf,-91.21;
-118.07,-111.88,-106.03,-96.69,-95.79,-78.94,-91.21,Inf}
 KOMONDOR SIMULATION 'sim_input_nodes_sce2b_deployment_31.csv' (seed 1992)
{140.77,18.05,31.49,27.72,32.95,26.73,2.84,1.00,150.37,29.64,16.82,8.76,13.98,7.99,18.89,28.72,25.57,100.45,19.97,8.60,17.05,15.82,18.59,20.43,85.17,21.58,21.81,17.43,3.38,20.97,69.81,18.43,8.52,19.05,11.21,6.60,5.99,85.79,7.22,2.76,12.60,7.22,4.45,3.69,12.75,11.75,11.21,12.13,140.31,20.04,2.07,17.05,19.97,20.35,21.50,13.75,14.75,10.83,241.31,39.86,40.70,41.55,38.40,40.78,40.01}
{0.52,0.84,1.21,0.49,0.48,0.85,0.36,0.91}
{Inf,-65.22,-53.79,-68.58,-58.03,-63.49,-70.48,-71.39,Inf,-63.74,-69.76,-69.20,-69.11,-70.48,-65.31,-56.12,-62.89,Inf,-69.52,-65.91,-53.94,-68.48,-60.42,-60.49,Inf,-62.00,-67.56,-64.99,-69.99,-59.93,Inf,-66.55,-68.35,-63.89,-65.13,-68.99,-69.34,Inf,-67.56,-70.80,-61.08,-66.11,-69.49,-70.50,-64.01,-66.97,-62.73,-68.77,Inf,-69.17,-70.64,-66.83,-63.70,-64.85,-61.11,-67.29,-70.77,-67.75,Inf,-55.40,-50.76,-69.55,-64.39,-69.23,-49.23}
{Inf,-91.21,-78.94,-95.79,-96.69,-106.03,-111.88,-118.07;
-91.21,Inf,-95.79,-78.94,-106.03,-96.69,-118.07,-111.88;
-78.94,-95.79,Inf,-91.21,-78.94,-95.79,-96.69,-106.03;
-95.79,-78.94,-91.21,Inf,-95.79,-78.94,-106.03,-96.69;
-96.69,-106.03,-78.94,-95.79,Inf,-91.21,-78.94,-95.79;
-106.03,-96.69,-95.79,-78.94,-91.21,Inf,-95.79,-78.94;
-111.88,-118.07,-96.69,-106.03,-78.94,-95.79,Inf,-91.21;
-118.07,-111.88,-106.03,-96.69,-95.79,-78.94,-91.21,Inf}
 KOMONDOR SIMULATION 'sim_input_nodes_sce2b_deployment_32.csv' (seed 1992)
{143.16,31.26,29.49,15.74,29.95,22.81,13.90,119.88,23.81,6.45,10.21,12.83,27.19,10.52,28.88,65.20,6.37,7.37,7.22,6.91,0.31,7.37,3.92,10.60,6.30,8.83,79.95,6.60,18.20,16.44,13.13,8.83,16.74,109.44,17.89,10.29,15.44,1.77,13.59,13.67,13.29,6.07,17.43,93.16,3.23,13.98,14.36,0.77,5.30,11.44,14.52,15.90,13.67,233.93,42.39,23.73,42.93,38.78,42.16,43.93,180.02,15.36,21.35,15.44,21.58,19.51,19.97,21.04,22.35,6.76,16.67}
{1.79,-25.90,0.62,1.82,0.00,1.00,2.43,2.31}
{Inf,-68.92,-59.22,-70.74,-58.20,-71.04,-71.33,Inf,-69.17,-70.76,-71.34,-71.33,-68.40,-69.55,-57.53,Inf,-64.29,-68.84,-62.87,-63.00,-70.73,-68.11,-66.70,-68.65,-71.35,-65.82,Inf,-69.68,-61.05,-62.12,-63.71,-65.75,-59.61,Inf,-59.76,-66.52,-56.15,-70.38,-64.18,-61.82,-65.30,-67.34,-67.90,Inf,-71.06,-60.28,-64.06,-70.20,-66.50,-64.41,-64.81,-62.21,-56.49,Inf,-57.06,-66.50,-55.60,-63.64,-62.97,-53.56,Inf,-67.35,-62.42,-67.00,-68.83,-63.01,-63.82,-68.78,-60.93,-69.43,-67.21}
{Inf,-91.21,-78.94,-95.79,-96.69,-106.03,-111.88,-118.07;
-91.21,Inf,-95.79,-78.94,-106.03,-96.69,-118.07,-111.88;
-78.94,-95.79,Inf,-91.21,-78.94,-95.79,-96.69,-106.03;
-95.79,-78.94,-91.21,Inf,-95.79,-78.94,-106.03,-96.69;
-96.69,-106.03,-78.94,-95.79,Inf,-91.21,-78.94,-95.79;
-106.03,-96.69,-95.79,-78.94,-91.21,Inf,-95.79,-78.94;
-111.88,-118.07,-96.69,-106.03,-78.94,-95.79,Inf,-91.21;
-118.07,-111.88,-106.03,-96.69,-95.79,-78.94,-91.21,Inf}
 KOMONDOR SIMULATION 'sim_input_nodes_sce2b_deployment_33.csv' (seed 1992)
{90.55,3.69,17.51,12.60,7.99,6.76,16.67,2.92,21.66,0.77,176.03,47.77,48.77,18.05,44.85,16.59,60.67,11.52,2.69,1.00,2.38,5.38,4.30,10.37,5.15,7.53,10.37,94.69,23.27,22.73,12.52,13.44,22.73,70.04,10.75,4.92,14.36,15.13,16.90,1.92,6.07,98.38,11.67,14.36,3.07,12.60,9.29,10.91,13.29,9.60,13.59,170.04,29.95,26.57,27.19,27.42,6.76,26.42,25.73,202.21,26.27,25.27,18.20,26.80,26.96,25.80,24.19,27.03,1.69}
{1.09,1.37,0.14,0.36,0.36,0.68,2.31,3.50}
{Inf,-71.05,-64.73,-70.58,-66.21,-65.36,-60.63,-69.81,-60.42,-70.34,Inf,-58.43,-61.17,-68.38,-58.83,-69.48,Inf,-68.71,-70.13,-69.94,-69.51,-68.86,-65.79,-67.40,-68.60,-64.61,-70.76,Inf,-62.00,-69.50,-67.62,-66.57,-66.81,Inf,-69.49,-69.38,-66.86,-62.50,-50.32,-71.37,-68.13,Inf,-63.81,-53.42,-70.42,-62.59,-67.46,-66.81,-58.35,-66.30,-61.26,Inf,-59.87,-69.20,-64.61,-68.26,-70.42,-62.19,-68.21,Inf,-62.55,-57.66,-64.35,-60.57,-62.50,-67.68,-56.47,-66.87,-71.09}
{Inf,-91.21,-78.94,-95.79,-96.69,-106.03,-111.88,-118.07;
-91.21,Inf,-95.79,-78.94,-106.03,-96.69,-118.07,-111.88;
-78.94,-95.79,Inf,-91.21,-78.94,-95.79,-96.69,-106.03;
-95.79,-78.94,-91.21,Inf,-95.79,-78.94,-106.03,-96.69;
-96.69,-106.03,-78.94,-95.79,Inf,-91.21,-78.94,-95.79;
-106.03,-96.69,-95.79,-78.94,-91.21,Inf,-95.79,-78.94;
-111.88,-118.07,-96.69,-106.03,-78.94,-95.79,Inf,-91.21;
-118.07,-111.88,-106.03,-96.69,-95.79,-78.94,-91.21,Inf}
 KOMONDOR SIMULATION 'sim_input_nodes_sce2b_deployment_34.csv' (seed 1992)
{150.07,20.35,17.05,11.21,24.04,9.29,17.82,16.51,23.35,10.44,172.72,28.88,30.18,28.49,24.19,29.64,23.35,7.99,83.79,14.44,10.68,14.67,16.20,9.37,0.84,14.44,3.15,61.82,7.14,16.20,4.38,11.14,8.52,14.44,72.42,10.21,0.54,9.37,10.60,9.98,11.60,7.22,1.23,11.67,89.24,9.22,12.75,12.52,3.53,5.99,12.44,13.13,7.76,11.90,163.05,35.48,32.79,37.48,32.10,25.19,158.21,23.50,27.11,23.73,23.65,24.81,3.84,8.99,22.58}
{1.74,1.60,0.51,0.73,0.14,0.41,0.00,0.91}
{Inf,-63.57,-63.32,-67.07,-45.92,-67.89,-71.35,-70.47,-57.36,-68.55,Inf,-68.43,-58.60,-68.86,-64.75,-68.38,-62.34,-71.20,Inf,-62.73,-67.16,-53.30,-63.31,-65.75,-69.62,-65.55,-70.49,Inf,-69.54,-63.48,-68.40,-68.32,-66.16,-63.12,Inf,-68.61,-70.25,-64.87,-67.21,-66.09,-67.29,-65.78,-71.37,-63.79,Inf,-64.05,-56.93,-66.45,-71.18,-68.66,-59.60,-66.72,-66.76,-62.03,Inf,-67.70,-65.26,-65.21,-65.89,-65.40,Inf,-62.38,-65.19,-62.71,-65.26,-67.48,-71.32,-69.12,-62.58}
{Inf,-91.21,-78.94,-95.79,-96.69,-106.03,-111.88,-118.07;
-91.21,Inf,-95.79,-78.94,-106.03,-96.69,-118.07,-111.88;
-78.94,-95.79,Inf,-91.21,-78.94,-95.79,-96.69,-106.03;
-95.79,-78.94,-91.21,Inf,-95.79,-78.94,-106.03,-96.69;
-96.69,-106.03,-78.94,-95.79,Inf,-91.21,-78.94,-95.79;
-106.03,-96.69,-95.79,-78.94,-91.21,Inf,-95.79,-78.94;
-111.88,-118.07,-96.69,-106.03,-78.94,-95.79,Inf,-91.21;
-118.07,-111.88,-106.03,-96.69,-95.79,-78.94,-91.21,Inf}
 KOMONDOR SIMULATION 'sim_input_nodes_sce2b_deployment_35.csv' (seed 1992)
{155.52,17.82,11.37,25.88,25.19,22.66,17.59,24.81,10.21,242.53,47.31,50.69,48.46,47.00,49.08,64.05,7.68,11.06,11.14,9.14,7.07,2.30,13.36,2.30,87.24,15.13,16.82,6.76,12.90,13.82,0.77,6.91,8.99,5.15,57.75,3.53,20.97,0.84,13.44,18.97,91.55,16.44,17.13,10.98,17.13,14.82,15.05,165.12,17.36,8.06,18.97,10.75,18.74,19.81,20.28,17.97,18.89,14.28,152.99,23.96,18.05,5.15,0.84,15.59,14.90,18.20,22.04,13.13,21.12}
{1.21,0.70,0.12,1.70,0.00,1.41,0.36,2.83}
{Inf,-66.91,-66.00,-67.46,-69.27,-62.63,-67.63,-67.72,-67.56,Inf,-60.70,-63.58,-54.11,-63.75,-57.43,Inf,-66.65,-66.32,-63.72,-66.51,-68.61,-71.19,-63.68,-71.23,Inf,-67.20,-60.30,-67.01,-67.93,-61.69,-70.65,-66.49,-69.35,-70.96,Inf,-70.15,-64.82,-71.01,-66.14,-64.66,Inf,-62.29,-53.60,-67.96,-67.61,-68.01,-57.95,Inf,-66.45,-67.51,-68.24,-70.66,-61.20,-66.19,-65.04,-63.48,-69.32,-69.92,Inf,-57.13,-69.30,-71.33,-70.79,-68.25,-69.69,-70.51,-56.41,-66.72,-60.84}
{Inf,-91.21,-78.94,-95.79,-96.69,-106.03,-111.88,-118.07;
-91.21,Inf,-95.79,-78.94,-106.03,-96.69,-118.07,-111.88;
-78.94,-95.79,Inf,-91.21,-78.94,-95.79,-96.69,-106.03;
-95.79,-78.94,-91.21,Inf,-95.79,-78.94,-106.03,-96.69;
-96.69,-106.03,-78.94,-95.79,Inf,-91.21,-78.94,-95.79;
-106.03,-96.69,-95.79,-78.94,-91.21,Inf,-95.79,-78.94;
-111.88,-118.07,-96.69,-106.03,-78.94,-95.79,Inf,-91.21;
-118.07,-111.88,-106.03,-96.69,-95.79,-78.94,-91.21,Inf}
 KOMONDOR SIMULATION 'sim_input_nodes_sce2b_deployment_36.csv' (seed 1992)
{146.61,24.81,28.49,21.04,31.10,8.68,22.20,10.29,142.85,9.37,29.18,29.11,26.65,3.53,28.72,16.28,76.95,12.36,9.98,6.53,7.68,5.45,7.22,10.44,11.83,5.45,69.50,4.92,12.83,13.44,1.61,8.45,0.92,14.13,13.21,75.49,10.75,9.75,9.37,10.68,4.61,11.21,8.76,2.53,4.68,3.15,78.34,6.30,22.35,19.66,8.83,21.20,164.12,7.45,23.73,15.13,26.19,24.04,26.96,25.57,15.05,90.78,25.34,7.60,18.20,9.52,21.27,8.83}
{1.46,1.75,0.67,0.00,0.14,0.00,3.26,0.12}
{Inf,-61.96,-62.78,-69.84,-67.59,-69.67,-68.96,-69.15,Inf,-69.60,-61.34,-68.61,-61.69,-70.35,-54.69,-70.43,Inf,-64.02,-70.20,-66.05,-67.71,-68.01,-66.66,-64.80,-64.81,-68.46,Inf,-69.01,-59.54,-47.53,-70.75,-70.09,-71.44,-53.86,-64.98,Inf,-64.52,-67.23,-67.77,-64.54,-68.65,-63.81,-64.98,-70.24,-68.65,-69.97,Inf,-70.52,-67.48,-58.79,-70.18,-59.35,Inf,-70.96,-57.13,-70.04,-55.91,-60.88,-67.66,-69.78,-64.08,Inf,-63.96,-70.43,-69.38,-70.49,-66.29,-69.60}
{Inf,-91.21,-78.94,-95.79,-96.69,-106.03,-111.88,-118.07;
-91.21,Inf,-95.79,-78.94,-106.03,-96.69,-118.07,-111.88;
-78.94,-95.79,Inf,-91.21,-78.94,-95.79,-96.69,-106.03;
-95.79,-78.94,-91.21,Inf,-95.79,-78.94,-106.03,-96.69;
-96.69,-106.03,-78.94,-95.79,Inf,-91.21,-78.94,-95.79;
-106.03,-96.69,-95.79,-78.94,-91.21,Inf,-95.79,-78.94;
-111.88,-118.07,-96.69,-106.03,-78.94,-95.79,Inf,-91.21;
-118.07,-111.88,-106.03,-96.69,-95.79,-78.94,-91.21,Inf}
 KOMONDOR SIMULATION 'sim_input_nodes_sce2b_deployment_37.csv' (seed 1992)
{147.23,18.66,19.51,22.66,23.65,19.74,14.21,11.21,15.59,2.00,107.06,15.82,0.92,35.17,34.71,20.43,100.30,20.28,20.89,11.83,13.44,15.82,18.05,74.19,10.68,12.67,8.91,10.06,7.83,13.06,0.08,10.91,121.57,16.51,18.20,17.05,15.97,19.97,17.20,16.67,69.96,7.99,7.68,11.90,6.14,2.69,13.21,15.13,5.22,159.97,16.05,13.82,27.49,22.58,25.88,9.06,10.14,23.19,11.75,159.13,18.97,20.74,19.20,24.58,18.51,20.89,19.97,4.92,7.30,4.07}
{0.00,-0.00,0.91,0.16,2.01,0.00,2.04,1.09}
{Inf,-65.89,-68.86,-65.65,-64.34,-68.74,-69.65,-68.27,-70.07,-71.10,Inf,-70.75,-70.94,-64.85,-67.30,-71.31,Inf,-54.45,-53.69,-65.04,-65.73,-65.05,-68.70,Inf,-64.66,-56.00,-70.83,-70.88,-69.50,-53.50,-71.29,-64.34,Inf,-59.49,-56.32,-62.25,-64.23,-61.67,-63.88,-68.49,Inf,-66.43,-70.33,-65.89,-69.16,-69.71,-64.28,-56.96,-68.01,Inf,-65.32,-67.32,-50.48,-65.18,-57.41,-71.25,-67.34,-63.48,-68.24,Inf,-63.02,-66.22,-60.49,-55.82,-62.49,-65.83,-62.71,-69.93,-69.95,-71.08}
{Inf,-91.21,-78.94,-95.79,-96.69,-106.03,-111.88,-118.07;
-91.21,Inf,-95.79,-78.94,-106.03,-96.69,-118.07,-111.88;
-78.94,-95.79,Inf,-91.21,-78.94,-95.79,-96.69,-106.03;
-95.79,-78.94,-91.21,Inf,-95.79,-78.94,-106.03,-96.69;
-96.69,-106.03,-78.94,-95.79,Inf,-91.21,-78.94,-95.79;
-106.03,-96.69,-95.79,-78.94,-91.21,Inf,-95.79,-78.94;
-111.88,-118.07,-96.69,-106.03,-78.94,-95.79,Inf,-91.21;
-118.07,-111.88,-106.03,-96.69,-95.79,-78.94,-91.21,Inf}
 KOMONDOR SIMULATION 'sim_input_nodes_sce2b_deployment_38.csv' (seed 1992)
{151.53,26.88,39.32,41.93,39.63,3.76,199.68,21.66,3.23,22.73,21.66,17.51,10.91,23.58,25.80,26.34,26.27,85.17,24.58,26.57,23.58,3.15,7.30,90.24,13.82,14.67,14.21,7.83,14.28,0.00,12.29,13.13,114.74,15.74,11.06,8.06,14.82,12.98,12.98,11.60,13.13,14.36,48.92,21.66,3.38,3.00,17.28,3.61,192.84,31.95,32.87,26.73,34.25,32.33,15.82,18.89,184.32,14.13,32.64,35.10,32.79,36.79,32.87}
{0.53,1.80,0.49,0.27,0.69,0.36,2.91,3.07}
{Inf,-66.07,-55.49,-60.72,-66.77,-71.13,Inf,-65.65,-71.32,-63.88,-56.35,-63.72,-65.41,-58.13,-56.96,-69.42,-69.64,Inf,-64.56,-65.60,-56.33,-70.26,-69.25,Inf,-68.24,-63.99,-57.43,-66.00,-55.79,-71.44,-65.83,-64.51,Inf,-65.02,-69.85,-66.74,-52.80,-56.07,-57.63,-61.61,-56.02,-55.67,Inf,-69.36,-70.15,-69.92,-65.20,-69.41,Inf,-70.98,-63.28,-63.77,-60.53,-61.34,-68.33,-69.69,Inf,-71.34,-54.68,-59.21,-52.88,-65.91,-63.64}
{Inf,-91.21,-78.94,-95.79,-96.69,-106.03,-111.88,-118.07;
-91.21,Inf,-95.79,-78.94,-106.03,-96.69,-118.07,-111.88;
-78.94,-95.79,Inf,-91.21,-78.94,-95.79,-96.69,-106.03;
-95.79,-78.94,-91.21,Inf,-95.79,-78.94,-106.03,-96.69;
-96.69,-106.03,-78.94,-95.79,Inf,-91.21,-78.94,-95.79;
-106.03,-96.69,-95.79,-78.94,-91.21,Inf,-95.79,-78.94;
-111.88,-118.07,-96.69,-106.03,-78.94,-95.79,Inf,-91.21;
-118.07,-111.88,-106.03,-96.69,-95.79,-78.94,-91.21,Inf}
 KOMONDOR SIMULATION 'sim_input_nodes_sce2b_deployment_39.csv' (seed 1992)
{203.06,32.03,39.32,41.55,38.48,34.25,17.43,101.61,3.00,21.50,10.29,12.52,2.15,18.05,8.22,3.46,22.43,101.53,13.98,12.44,0.54,13.21,11.60,11.29,11.21,12.44,12.06,2.76,63.13,1.61,15.51,13.82,6.37,6.84,8.45,10.52,96.38,14.21,14.75,15.74,14.67,6.91,14.13,15.74,0.23,94.46,7.14,20.20,16.59,12.44,21.20,16.90,158.75,12.67,16.28,11.60,8.52,16.28,18.59,11.60,21.27,23.50,18.43,190.62,44.77,40.86,44.54,32.95,27.49}
{0.99,-24.98,0.97,0.00,-0.00,0.12,1.84,0.61}
{Inf,-61.27,-61.63,-67.04,-56.05,-64.21,-69.69,Inf,-69.55,-59.97,-71.23,-66.89,-70.39,-61.91,-66.99,-69.91,-51.93,Inf,-56.39,-63.41,-70.59,-60.97,-64.60,-68.15,-57.53,-67.55,-61.88,-70.16,Inf,-70.48,-60.17,-64.92,-70.58,-67.73,-67.04,-65.44,Inf,-63.74,-63.25,-61.08,-69.90,-71.02,-49.03,-65.20,-71.12,Inf,-68.36,-62.24,-69.87,-66.45,-70.02,-67.73,Inf,-65.22,-68.70,-66.31,-71.11,-64.71,-64.77,-66.58,-49.32,-57.67,-70.35,Inf,-61.17,-62.95,-51.18,-69.04,-68.63}
{Inf,-91.21,-78.94,-95.79,-96.69,-106.03,-111.88,-118.07;
-91.21,Inf,-95.79,-78.94,-106.03,-96.69,-118.07,-111.88;
-78.94,-95.79,Inf,-91.21,-78.94,-95.79,-96.69,-106.03;
-95.79,-78.94,-91.21,Inf,-95.79,-78.94,-106.03,-96.69;
-96.69,-106.03,-78.94,-95.79,Inf,-91.21,-78.94,-95.79;
-106.03,-96.69,-95.79,-78.94,-91.21,Inf,-95.79,-78.94;
-111.88,-118.07,-96.69,-106.03,-78.94,-95.79,Inf,-91.21;
-118.07,-111.88,-106.03,-96.69,-95.79,-78.94,-91.21,Inf}
 KOMONDOR SIMULATION 'sim_input_nodes_sce2b_deployment_40.csv' (seed 1992)
{161.97,22.04,22.12,35.33,38.78,43.70,105.68,3.69,23.42,23.27,22.35,10.29,0.61,1.77,20.28,96.69,10.52,10.14,12.06,11.06,6.14,12.52,12.67,9.75,7.22,4.61,62.59,9.29,16.74,2.53,13.29,14.67,6.07,53.30,9.37,10.60,1.08,16.90,15.36,105.52,16.74,17.66,23.42,20.35,27.34,152.83,18.66,19.89,16.74,16.51,1.08,19.81,7.45,17.97,19.66,15.05,198.22,31.41,34.02,13.21,32.49,30.34,24.35,32.41}
{1.80,0.85,0.00,0.00,0.00,0.00,0.00,0.12}
{Inf,-68.94,-66.23,-66.44,-62.26,-56.75,Inf,-70.17,-71.02,-65.38,-59.68,-64.71,-70.38,-70.69,-62.31,Inf,-69.28,-66.54,-68.02,-69.08,-67.66,-51.78,-55.58,-69.56,-66.45,-69.80,Inf,-65.71,-67.66,-67.97,-69.96,-65.46,-68.16,Inf,-64.14,-67.32,-70.90,-69.97,-67.09,Inf,-67.67,-65.85,-66.59,-69.51,-58.20,Inf,-69.19,-68.60,-60.61,-67.74,-70.37,-63.92,-66.80,-71.44,-66.27,-66.69,Inf,-62.98,-50.51,-70.01,-66.60,-64.88,-67.17,-66.92}
{Inf,-91.21,-78.94,-95.79,-96.69,-106.03,-111.88,-118.07;
-91.21,Inf,-95.79,-78.94,-106.03,-96.69,-118.07,-111.88;
-78.94,-95.79,Inf,-91.21,-78.94,-95.79,-96.69,-106.03;
-95.79,-78.94,-91.21,Inf,-95.79,-78.94,-106.03,-96.69;
-96.69,-106.03,-78.94,-95.79,Inf,-91.21,-78.94,-95.79;
-106.03,-96.69,-95.79,-78.94,-91.21,Inf,-95.79,-78.94;
-111.88,-118.07,-96.69,-106.03,-78.94,-95.79,Inf,-91.21;
-118.07,-111.88,-106.03,-96.69,-95.79,-78.94,-91.21,Inf}
 KOMONDOR SIMULATION 'sim_input_nodes_sce2b_deployment_41.csv' (seed 1992)
{168.12,38.63,17.13,36.71,14.98,27.49,33.18,128.49,24.12,19.51,1.69,14.28,10.14,16.90,17.20,20.35,4.30,99.99,20.51,20.58,17.51,9.29,13.52,18.59,93.00,13.44,12.44,5.53,11.67,7.22,13.59,6.60,11.75,10.75,84.10,12.21,12.67,11.75,11.29,12.36,11.21,1.46,10.60,0.54,94.00,15.51,15.13,14.21,11.83,13.67,15.74,7.91,178.87,10.06,22.89,19.35,13.98,21.04,14.52,16.20,19.74,21.35,19.74,140.24,35.87,38.09,14.52,39.55,12.21}
{1.82,-21.80,0.09,0.14,0.55,0.50,2.16,0.18}
{Inf,-60.54,-67.66,-61.40,-68.56,-65.23,-66.54,Inf,-64.71,-61.86,-71.40,-66.68,-70.93,-64.76,-68.08,-64.33,-69.24,Inf,-69.35,-67.90,-64.14,-68.44,-66.80,-57.30,Inf,-61.40,-54.87,-67.05,-64.53,-69.67,-67.13,-71.19,-64.65,-65.98,Inf,-59.50,-63.39,-64.85,-70.71,-55.57,-66.67,-69.83,-64.56,-70.24,Inf,-62.26,-59.13,-69.69,-66.99,-64.33,-63.75,-69.74,Inf,-71.17,-55.50,-60.43,-64.83,-67.16,-65.17,-64.79,-57.22,-68.98,-70.56,Inf,-65.10,-70.87,-69.98,-65.36,-69.88}
{Inf,-91.21,-78.94,-95.79,-96.69,-106.03,-111.88,-118.07;
-91.21,Inf,-95.79,-78.94,-106.03,-96.69,-118.07,-111.88;
-78.94,-95.79,Inf,-91.21,-78.94,-95.79,-96.69,-106.03;
-95.79,-78.94,-91.21,Inf,-95.79,-78.94,-106.03,-96.69;
-96.69,-106.03,-78.94,-95.79,Inf,-91.21,-78.94,-95.79;
-106.03,-96.69,-95.79,-78.94,-91.21,Inf,-95.79,-78.94;
-111.88,-118.07,-96.69,-106.03,-78.94,-95.79,Inf,-91.21;
-118.07,-111.88,-106.03,-96.69,-95.79,-78.94,-91.21,Inf}
 KOMONDOR SIMULATION 'sim_input_nodes_sce2b_deployment_42.csv' (seed 1992)
{174.87,20.43,21.35,20.35,19.35,21.43,20.20,19.51,1.15,11.29,19.81,173.88,14.05,23.65,19.89,20.81,21.43,14.98,13.75,22.50,22.81,82.48,7.83,8.29,7.83,1.46,11.60,9.68,11.44,12.83,11.52,79.80,11.90,10.75,11.75,5.99,11.44,12.52,2.38,13.06,87.24,11.75,7.45,10.83,13.36,12.06,5.76,12.36,1.61,12.06,84.25,2.23,12.83,11.60,12.44,13.90,2.53,12.06,8.76,7.91,132.40,9.45,20.89,18.51,9.52,22.96,10.44,21.96,1.15,17.51,169.88,27.65,18.43,26.34,27.88,28.11,10.14,13.90,17.43}
{2.24,1.14,0.00,2.48,0.58,0.27,0.97,1.39}
{Inf,-61.02,-57.89,-62.35,-63.41,-54.14,-60.43,-68.72,-71.14,-69.33,-70.99,Inf,-67.45,-62.94,-67.56,-64.06,-57.17,-71.21,-70.70,-66.08,-70.16,Inf,-66.63,-65.54,-67.72,-70.43,-70.04,-66.16,-69.51,-56.92,-68.29,Inf,-58.94,-64.31,-61.73,-71.40,-64.90,-57.82,-71.45,-61.84,Inf,-57.25,-65.03,-69.54,-62.09,-60.40,-67.29,-59.04,-70.12,-63.39,Inf,-70.62,-66.97,-64.46,-58.74,-70.79,-68.94,-56.15,-67.16,-67.40,Inf,-68.40,-62.41,-66.36,-69.06,-59.70,-65.58,-67.51,-71.30,-67.95,Inf,-68.44,-66.85,-52.64,-58.79,-57.15,-66.75,-65.54,-64.68}
{Inf,-91.21,-78.94,-95.79,-96.69,-106.03,-111.88,-118.07;
-91.21,Inf,-95.79,-78.94,-106.03,-96.69,-118.07,-111.88;
-78.94,-95.79,Inf,-91.21,-78.94,-95.79,-96.69,-106.03;
-95.79,-78.94,-91.21,Inf,-95.79,-78.94,-106.03,-96.69;
-96.69,-106.03,-78.94,-95.79,Inf,-91.21,-78.94,-95.79;
-106.03,-96.69,-95.79,-78.94,-91.21,Inf,-95.79,-78.94;
-111.88,-118.07,-96.69,-106.03,-78.94,-95.79,Inf,-91.21;
-118.07,-111.88,-106.03,-96.69,-95.79,-78.94,-91.21,Inf}
 KOMONDOR SIMULATION 'sim_input_nodes_sce2b_deployment_43.csv' (seed 1992)
{163.51,20.97,12.75,9.14,15.13,18.12,21.27,20.74,21.04,8.37,15.97,195.38,30.72,25.42,33.41,35.10,37.79,32.95,101.68,12.90,10.44,13.59,13.67,14.05,12.06,14.13,10.83,74.19,2.46,11.60,6.53,5.15,6.07,9.45,4.53,5.99,10.29,12.13,90.93,14.75,11.52,10.14,11.98,14.05,5.68,13.44,9.37,65.97,14.67,7.45,0.84,8.22,5.84,9.98,7.76,11.21,193.84,36.33,35.71,36.33,33.79,17.20,34.48,126.72,16.82,17.89,18.05,11.06,12.60,6.76,9.75,6.99,18.05,8.76}
{0.00,0.38,0.73,0.07,0.00,0.15,1.14,0.00}
{Inf,-65.00,-69.81,-66.15,-70.91,-67.84,-64.57,-71.01,-57.33,-66.76,-67.62,Inf,-63.31,-68.55,-64.23,-69.16,-61.09,-69.83,Inf,-68.32,-65.14,-51.20,-69.03,-57.14,-66.96,-63.59,-71.16,Inf,-69.46,-66.45,-68.41,-65.40,-69.38,-68.32,-67.55,-68.86,-62.88,-48.46,Inf,-68.15,-67.26,-67.04,-64.19,-66.84,-70.86,-66.13,-67.73,Inf,-52.83,-69.45,-70.47,-65.54,-69.39,-70.55,-68.21,-65.62,Inf,-70.78,-58.40,-67.74,-59.60,-68.12,-53.26,Inf,-61.98,-67.32,-54.63,-68.62,-68.84,-68.87,-69.70,-71.38,-71.40,-69.66}
{Inf,-91.21,-78.94,-95.79,-96.69,-106.03,-111.88,-118.07;
-91.21,Inf,-95.79,-78.94,-106.03,-96.69,-118.07,-111.88;
-78.94,-95.79,Inf,-91.21,-78.94,-95.79,-96.69,-106.03;
-95.79,-78.94,-91.21,Inf,-95.79,-78.94,-106.03,-96.69;
-96.69,-106.03,-78.94,-95.79,Inf,-91.21,-78.94,-95.79;
-106.03,-96.69,-95.79,-78.94,-91.21,Inf,-95.79,-78.94;
-111.88,-118.07,-96.69,-106.03,-78.94,-95.79,Inf,-91.21;
-118.07,-111.88,-106.03,-96.69,-95.79,-78.94,-91.21,Inf}
 KOMONDOR SIMULATION 'sim_input_nodes_sce2b_deployment_44.csv' (seed 1992)
{192.15,29.26,25.42,29.03,22.43,31.10,25.50,29.41,149.30,4.38,4.53,21.58,24.50,28.65,12.52,27.19,25.96,76.11,1.08,12.52,5.38,13.90,12.44,0.54,7.99,14.67,7.60,77.41,19.12,22.50,4.22,19.74,11.83,57.68,3.30,0.31,7.99,0.31,9.45,8.06,7.45,9.37,5.68,5.76,80.18,13.13,12.98,16.20,14.59,18.28,4.99,144.92,0.92,20.89,19.66,17.66,8.45,22.89,19.97,21.73,6.37,6.37,180.56,16.74,36.40,41.01,44.54,41.86}
{0.61,1.21,0.36,0.24,0.36,0.14,0.89,1.07}
{Inf,-67.14,-67.14,-64.59,-66.52,-61.71,-61.09,-64.24,Inf,-70.19,-70.18,-63.17,-68.53,-57.55,-68.98,-61.71,-67.98,Inf,-70.95,-71.31,-65.13,-61.07,-63.33,-70.46,-70.44,-59.83,-66.08,Inf,-66.70,-52.26,-71.15,-62.31,-68.31,Inf,-68.07,-70.77,-69.86,-71.44,-63.95,-62.74,-63.46,-64.07,-66.51,-66.30,Inf,-65.62,-64.52,-65.91,-70.61,-68.44,-69.27,Inf,-70.98,-54.57,-66.12,-61.14,-69.19,-69.23,-65.84,-63.71,-70.71,-69.18,Inf,-68.57,-67.35,-67.67,-52.68,-60.63}
{Inf,-91.21,-78.94,-95.79,-96.69,-106.03,-111.88,-118.07;
-91.21,Inf,-95.79,-78.94,-106.03,-96.69,-118.07,-111.88;
-78.94,-95.79,Inf,-91.21,-78.94,-95.79,-96.69,-106.03;
-95.79,-78.94,-91.21,Inf,-95.79,-78.94,-106.03,-96.69;
-96.69,-106.03,-78.94,-95.79,Inf,-91.21,-78.94,-95.79;
-106.03,-96.69,-95.79,-78.94,-91.21,Inf,-95.79,-78.94;
-111.88,-118.07,-96.69,-106.03,-78.94,-95.79,Inf,-91.21;
-118.07,-111.88,-106.03,-96.69,-95.79,-78.94,-91.21,Inf}
 KOMONDOR SIMULATION 'sim_input_nodes_sce2b_deployment_45.csv' (seed 1992)
{176.64,19.12,28.11,23.27,34.41,36.94,34.79,108.52,3.61,22.50,16.20,22.58,1.31,21.73,16.90,3.69,84.63,12.75,12.52,4.07,10.75,13.75,11.21,13.59,0.31,5.68,65.20,9.68,3.69,14.28,15.59,6.07,14.21,1.69,79.49,12.98,9.60,12.13,11.44,5.45,3.61,12.06,0.61,11.60,93.24,11.06,9.91,11.21,3.92,10.83,13.21,9.60,4.38,9.83,9.29,162.82,31.49,30.57,7.99,31.64,29.88,31.26,202.29,30.87,35.94,36.71,32.41,30.49,35.87}
{0.08,-23.24,0.68,0.55,0.73,0.63,0.00,2.26}
{Inf,-70.55,-66.30,-65.84,-64.77,-55.62,-66.16,Inf,-69.84,-65.14,-67.63,-59.12,-71.46,-64.52,-68.45,-71.20,Inf,-58.31,-62.79,-68.11,-67.87,-53.29,-62.07,-61.71,-71.17,-70.13,Inf,-70.13,-69.15,-57.50,-60.77,-67.68,-70.72,-70.90,Inf,-60.54,-65.68,-63.73,-61.03,-68.39,-70.29,-62.76,-70.58,-68.03,Inf,-69.88,-64.72,-55.89,-68.54,-71.00,-63.66,-69.47,-69.48,-68.79,-63.81,Inf,-70.43,-56.92,-71.42,-67.02,-61.55,-69.88,Inf,-61.94,-67.89,-61.76,-64.39,-66.67,-70.68}
{Inf,-91.21,-78.94,-95.79,-96.69,-106.03,-111.88,-118.07;
-91.21,Inf,-95.79,-78.94,-106.03,-96.69,-118.07,-111.88;
-78.94,-95.79,Inf,-91.21,-78.94,-95.79,-96.69,-106.03;
-95.79,-78.94,-91.21,Inf,-95.79,-78.94,-106.03,-96.69;
-96.69,-106.03,-78.94,-95.79,Inf,-91.21,-78.94,-95.79;
-106.03,-96.69,-95.79,-78.94,-91.21,Inf,-95.79,-78.94;
-111.88,-118.07,-96.69,-106.03,-78.94,-95.79,Inf,-91.21;
-118.07,-111.88,-106.03,-96.69,-95.79,-78.94,-91.21,Inf}
 KOMONDOR SIMULATION 'sim_input_nodes_sce2b_deployment_46.csv' (seed 1992)
{188.24,12.21,35.48,28.11,32.49,32.87,33.79,13.29,139.01,27.11,37.17,22.50,17.05,35.17,85.79,18.51,1.69,15.74,17.20,16.67,15.97,47.31,8.06,4.38,3.38,16.51,14.36,0.61,57.29,0.77,0.92,11.98,13.29,2.69,1.77,1.15,12.13,12.60,95.46,1.15,21.58,19.74,17.97,23.35,11.67,159.51,19.20,18.28,19.66,19.05,19.66,1.00,20.12,17.05,6.53,18.97,219.57,33.79,26.88,25.80,34.18,33.79,31.18,33.95}
{2.27,0.61,-0.00,0.36,0.29,1.05,1.94,6.39}
{Inf,-68.19,-59.54,-66.56,-47.45,-61.67,-60.97,-67.03,Inf,-66.06,-70.20,-66.32,-69.26,-59.89,Inf,-52.30,-70.12,-69.43,-66.50,-69.97,-66.17,Inf,-70.78,-68.31,-70.46,-61.74,-63.02,-70.82,Inf,-70.80,-70.47,-70.64,-54.60,-69.26,-70.54,-70.69,-69.10,-53.10,Inf,-70.82,-60.83,-55.37,-64.10,-57.65,-68.23,Inf,-55.21,-63.33,-55.74,-61.91,-70.79,-71.44,-56.53,-61.87,-69.50,-69.07,Inf,-55.37,-67.87,-65.39,-54.21,-61.08,-64.42,-59.29}
{Inf,-91.21,-78.94,-95.79,-96.69,-106.03,-111.88,-118.07;
-91.21,Inf,-95.79,-78.94,-106.03,-96.69,-118.07,-111.88;
-78.94,-95.79,Inf,-91.21,-78.94,-95.79,-96.69,-106.03;
-95.79,-78.94,-91.21,Inf,-95.79,-78.94,-106.03,-96.69;
-96.69,-106.03,-78.94,-95.79,Inf,-91.21,-78.94,-95.79;
-106.03,-96.69,-95.79,-78.94,-91.21,Inf,-95.79,-78.94;
-111.88,-118.07,-96.69,-106.03,-78.94,-95.79,Inf,-91.21;
-118.07,-111.88,-106.03,-96.69,-95.79,-78.94,-91.21,Inf}
 KOMONDOR SIMULATION 'sim_input_nodes_sce2b_deployment_47.csv' (seed 1992)
{155.67,16.28,2.53,11.98,5.30,18.59,22.81,15.97,21.27,19.12,21.81,160.97,24.73,29.88,27.26,1.61,26.11,30.49,20.89,82.64,5.61,5.22,12.60,8.76,11.14,11.44,7.37,11.14,9.37,73.50,10.06,6.07,19.51,20.66,17.20,97.61,6.84,10.44,10.60,7.60,14.05,12.83,9.91,14.05,11.29,77.03,3.00,11.14,9.45,10.21,7.37,10.75,10.91,3.61,9.45,1.15,146.76,1.00,21.96,27.42,26.42,29.95,27.65,12.36,186.16,14.21,21.73,21.89,23.58,13.36,23.42,25.27,20.20,22.50}
{0.25,0.22,0.53,2.46,0.24,0.08,0.00,0.00}
{Inf,-70.65,-71.30,-70.33,-71.22,-67.55,-62.32,-66.85,-68.12,-60.76,-50.54,Inf,-69.28,-68.96,-50.80,-71.02,-58.21,-69.63,-65.94,Inf,-68.45,-67.21,-55.24,-66.16,-65.21,-53.11,-66.59,-62.04,-62.09,Inf,-69.78,-70.56,-64.72,-60.72,-66.33,Inf,-69.70,-70.54,-66.76,-71.06,-61.31,-57.06,-65.69,-63.62,-67.81,Inf,-70.63,-62.36,-63.79,-63.67,-68.61,-68.84,-56.61,-69.80,-66.45,-71.24,Inf,-71.05,-66.15,-64.87,-61.73,-69.87,-60.94,-69.44,Inf,-69.12,-58.17,-70.10,-65.29,-71.02,-56.16,-64.57,-69.57,-63.12}
{Inf,-91.21,-78.94,-95.79,-96.69,-106.03,-111.88,-118.07;
-91.21,Inf,-95.79,-78.94,-106.03,-96.69,-118.07,-111.88;
-78.94,-95.79,Inf,-91.21,-78.94,-95.79,-96.69,-106.03;
-95.79,-78.94,-91.21,Inf,-95.79,-78.94,-106.03,-96.69;
-96.69,-106.03,-78.94,-95.79,Inf,-91.21,-78.94,-95.79;
-106.03,-96.69,-95.79,-78.94,-91.21,Inf,-95.79,-78.94;
-111.88,-118.07,-96.69,-106.03,-78.94,-95.79,Inf,-91.21;
-118.07,-111.88,-106.03,-96.69,-95.79,-78.94,-91.21,Inf}
 KOMONDOR SIMULATION 'sim_input_nodes_sce2b_deployment_48.csv' (seed 1992)
{233.70,31.10,31.26,30.41,27.11,26.65,27.19,6.76,23.19,30.03,128.49,15.28,28.88,38.78,6.91,38.63,97.31,14.28,5.45,12.52,6.76,3.84,12.90,13.44,15.28,12.83,51.46,10.14,6.53,1.61,3.61,5.07,7.83,16.67,81.72,9.91,9.83,13.59,13.21,6.99,15.51,2.30,10.37,80.79,18.12,15.36,13.29,17.13,1.38,15.51,196.61,28.49,27.72,29.41,21.81,28.42,28.03,27.42,5.30,121.50,23.04,26.80,8.91,18.05,26.27,1.61,16.82}
{0.53,0.99,0.73,0.00,0.00,0.69,2.84,1.33}
{Inf,-56.50,-66.15,-62.96,-63.90,-55.85,-63.75,-69.84,-62.55,-61.87,Inf,-68.12,-63.10,-50.50,-71.20,-70.51,Inf,-61.76,-69.05,-60.79,-68.56,-71.21,-64.67,-63.15,-57.87,-60.91,Inf,-69.02,-65.66,-70.12,-69.30,-68.24,-69.50,-66.32,Inf,-67.02,-67.77,-62.38,-62.92,-66.55,-59.68,-70.27,-67.24,Inf,-54.17,-67.44,-69.68,-57.17,-70.27,-69.92,Inf,-60.30,-64.53,-61.30,-67.63,-64.93,-63.28,-56.38,-70.92,Inf,-66.50,-54.90,-71.42,-65.44,-59.91,-71.13,-71.22}
{Inf,-91.21,-78.94,-95.79,-96.69,-106.03,-111.88,-118.07;
-91.21,Inf,-95.79,-78.94,-106.03,-96.69,-118.07,-111.88;
-78.94,-95.79,Inf,-91.21,-78.94,-95.79,-96.69,-106.03;
-95.79,-78.94,-91.21,Inf,-95.79,-78.94,-106.03,-96.69;
-96.69,-106.03,-78.94,-95.79,Inf,-91.21,-78.94,-95.79;
-106.03,-96.69,-95.79,-78.94,-91.21,Inf,-95.79,-78.94;
-111.88,-118.07,-96.69,-106.03,-78.94,-95.79,Inf,-91.21;
-118.07,-111.88,-106.03,-96.69,-95.79,-78.94,-91.21,Inf}
 KOMONDOR SIMULATION 'sim_input_nodes_sce2b_deployment_49.csv' (seed 1992)
{217.96,32.41,35.25,35.02,38.48,37.63,39.17,215.42,26.42,26.65,28.80,30.26,29.88,28.49,27.88,17.05,91.78,20.28,21.12,17.51,9.75,23.12,103.76,15.74,14.90,13.21,12.44,2.61,13.36,16.74,14.75,74.88,9.22,10.44,11.37,6.07,11.44,5.53,10.52,5.84,4.45,89.01,22.43,15.44,19.81,15.44,15.90,168.96,27.96,28.49,29.72,30.41,10.21,12.60,29.57,171.26,27.03,29.34,4.07,27.19,25.96,24.27,10.68,22.73}
{6.75,-2.31,0.12,0.00,1.04,0.00,1.99,-0.00}
{Inf,-66.61,-65.26,-62.03,-56.92,-59.17,-57.99,Inf,-59.98,-66.02,-68.04,-57.68,-66.26,-47.84,-63.02,-69.22,Inf,-70.56,-66.13,-67.17,-68.54,-60.01,Inf,-66.98,-70.81,-71.00,-67.59,-70.82,-69.24,-50.11,-55.12,Inf,-65.72,-62.08,-58.08,-70.75,-61.32,-67.39,-55.51,-71.44,-71.14,Inf,-59.43,-64.57,-69.51,-70.59,-63.41,Inf,-58.41,-65.34,-69.13,-53.06,-71.22,-69.45,-71.14,Inf,-69.63,-69.94,-69.90,-65.35,-66.17,-63.59,-69.46,-65.17}
{Inf,-91.21,-78.94,-95.79,-96.69,-106.03,-111.88,-118.07;
-91.21,Inf,-95.79,-78.94,-106.03,-96.69,-118.07,-111.88;
-78.94,-95.79,Inf,-91.21,-78.94,-95.79,-96.69,-106.03;
-95.79,-78.94,-91.21,Inf,-95.79,-78.94,-106.03,-96.69;
-96.69,-106.03,-78.94,-95.79,Inf,-91.21,-78.94,-95.79;
-106.03,-96.69,-95.79,-78.94,-91.21,Inf,-95.79,-78.94;
-111.88,-118.07,-96.69,-106.03,-78.94,-95.79,Inf,-91.21;
-118.07,-111.88,-106.03,-96.69,-95.79,-78.94,-91.21,Inf}
