 KOMONDOR SIMULATION 'sim_input_nodes_sce2c_deployment_00.csv' (seed 1992)
{60.44,0.54,0.69,20.58,17.59,20.74,0.31,89.93,26.42,14.75,2.53,19.43,26.80,74.80,1.08,13.90,4.84,12.67,8.06,5.30,12.29,0.38,16.28,54.91,12.83,0.23,1.08,3.30,0.92,10.37,11.44,2.69,12.06,38.40,3.46,0.31,3.07,18.43,13.13,69.43,16.74,6.91,15.44,20.43,2.76,7.14,155.75,9.22,31.18,7.60,31.87,25.80,26.19,23.88,94.62,0.08,25.57,1.84,28.80,0.00,16.82,21.50}
{0.00,-10.79,3.91,0.60,1.21,3.07,2.46,1.70}
{Inf,-71.28,-70.48,-66.13,-64.74,-68.48,-71.02,Inf,-61.95,-66.34,-69.01,-66.94,-64.12,Inf,-69.75,-52.34,-64.64,-61.29,-69.06,-64.58,-49.79,-68.37,-54.14,Inf,-48.36,-69.89,-68.47,-66.16,-67.38,-70.96,-66.89,-66.16,-64.21,Inf,-65.98,-68.83,-66.90,-60.99,-62.94,Inf,-57.88,-64.19,-61.59,-49.26,-70.77,-69.33,Inf,-70.47,-64.66,-66.19,-56.94,-57.01,-64.79,-63.35,Inf,-70.72,-66.97,-67.38,-60.59,-70.94,-61.81,-69.30}
{Inf,-85.36,-71.46,-88.18,-85.36,-94.85,-96.69,-103.00;
-85.36,Inf,-88.18,-71.46,-94.85,-85.36,-103.00,-96.69;
-71.46,-88.18,Inf,-85.36,-71.46,-88.18,-85.36,-94.85;
-88.18,-71.46,-85.36,Inf,-88.18,-71.46,-94.85,-85.36;
-85.36,-94.85,-71.46,-88.18,Inf,-85.36,-71.46,-88.18;
-94.85,-85.36,-88.18,-71.46,-85.36,Inf,-88.18,-71.46;
-96.69,-103.00,-85.36,-94.85,-71.46,-88.18,Inf,-85.36;
-103.00,-96.69,-94.85,-85.36,-88.18,-71.46,-85.36,Inf}
 KOMONDOR SIMULATION 'sim_input_nodes_sce2c_deployment_01.csv' (seed 1992)
{87.78,0.23,14.67,17.20,0.38,12.90,2.76,7.68,2.00,15.51,14.44,105.52,17.66,19.51,3.53,20.12,0.08,11.83,17.82,14.98,47.46,1.38,1.00,10.60,8.37,5.53,7.99,9.52,0.00,3.07,33.72,8.22,12.44,1.69,1.00,0.92,9.45,78.41,1.84,15.51,11.29,10.75,16.20,7.07,15.74,54.30,21.73,7.37,9.68,6.91,8.60,165.12,40.55,31.56,36.17,23.50,33.33,69.73,1.08,1.00,30.80,31.41,5.45}
{0.00,0.73,3.43,0.00,1.03,1.06,1.00,1.82}
{Inf,-70.73,-71.01,-65.51,-68.07,-61.50,-67.63,-70.49,-66.36,-66.94,-64.19,Inf,-67.93,-62.73,-70.29,-68.71,-69.73,-66.44,-71.12,-63.00,Inf,-70.13,-69.77,-56.39,-60.90,-71.06,-68.65,-58.14,-71.24,-62.84,Inf,-68.12,-62.37,-67.22,-68.16,-71.31,-70.07,Inf,-67.26,-68.40,-66.36,-64.35,-59.77,-65.58,-65.33,Inf,-49.89,-70.89,-67.22,-71.00,-70.07,Inf,-59.18,-64.18,-62.48,-65.02,-68.56,Inf,-71.01,-68.66,-67.73,-59.89,-68.58}
{Inf,-85.36,-71.46,-88.18,-85.36,-94.85,-96.69,-103.00;
-85.36,Inf,-88.18,-71.46,-94.85,-85.36,-103.00,-96.69;
-71.46,-88.18,Inf,-85.36,-71.46,-88.18,-85.36,-94.85;
-88.18,-71.46,-85.36,Inf,-88.18,-71.46,-94.85,-85.36;
-85.36,-94.85,-71.46,-88.18,Inf,-85.36,-71.46,-88.18;
-94.85,-85.36,-88.18,-71.46,-85.36,Inf,-88.18,-71.46;
-96.69,-103.00,-85.36,-94.85,-71.46,-88.18,Inf,-85.36;
-103.00,-96.69,-94.85,-85.36,-88.18,-71.46,-85.36,Inf}
 KOMONDOR SIMULATION 'sim_input_nodes_sce2c_deployment_02.csv' (seed 1992)
{117.12,1.38,0.46,32.18,23.65,28.03,31.41,76.88,0.77,21.20,4.76,21.50,0.77,10.29,17.59,35.56,15.67,9.29,0.69,8.68,0.46,0.77,35.64,7.83,5.91,0.54,0.08,8.99,3.92,0.31,0.31,6.91,0.84,55.30,13.75,3.38,7.83,0.77,8.76,3.92,16.90,60.60,12.90,11.21,5.91,0.00,10.06,3.23,7.99,9.14,0.15,125.57,17.82,6.45,11.83,19.89,22.73,24.88,1.77,20.20,111.97,40.55,28.72,1.46,39.55,1.69}
{3.16,-11.41,0.61,0.66,2.13,1.71,1.05,3.57}
{Inf,-69.59,-71.24,-57.22,-66.44,-58.23,-60.50,Inf,-71.03,-63.00,-69.23,-63.50,-69.45,-64.45,-70.50,Inf,-60.75,-67.57,-70.06,-68.88,-69.12,-71.37,Inf,-64.86,-70.44,-69.46,-71.22,-52.38,-71.30,-69.72,-69.44,-68.50,-70.88,Inf,-65.64,-65.93,-65.86,-68.43,-63.48,-65.24,-56.72,Inf,-56.22,-64.24,-67.30,-69.87,-60.78,-65.34,-68.13,-64.39,-71.01,Inf,-69.15,-70.42,-64.92,-57.62,-68.09,-64.60,-69.40,-63.02,Inf,-61.36,-64.32,-68.19,-57.55,-69.08}
{Inf,-85.36,-71.46,-88.18,-85.36,-94.85,-96.69,-103.00;
-85.36,Inf,-88.18,-71.46,-94.85,-85.36,-103.00,-96.69;
-71.46,-88.18,Inf,-85.36,-71.46,-88.18,-85.36,-94.85;
-88.18,-71.46,-85.36,Inf,-88.18,-71.46,-94.85,-85.36;
-85.36,-94.85,-71.46,-88.18,Inf,-85.36,-71.46,-88.18;
-94.85,-85.36,-88.18,-71.46,-85.36,Inf,-88.18,-71.46;
-96.69,-103.00,-85.36,-94.85,-71.46,-88.18,Inf,-85.36;
-103.00,-96.69,-94.85,-85.36,-88.18,-71.46,-85.36,Inf}
 KOMONDOR SIMULATION 'sim_input_nodes_sce2c_deployment_03.csv' (seed 1992)
{145.08,22.73,24.96,18.12,25.42,0.61,28.49,24.73,75.57,2.92,9.60,16.82,13.29,0.84,0.69,12.44,18.89,0.08,47.16,12.75,3.15,11.75,8.83,0.08,9.91,0.69,46.85,8.99,10.75,0.61,14.21,6.91,0.15,0.31,4.92,48.54,8.99,9.68,3.38,10.14,0.38,0.08,10.68,0.77,4.07,0.38,62.59,17.43,8.52,1.61,15.67,1.08,9.45,8.83,93.77,14.36,2.61,14.44,16.59,2.30,11.29,6.37,13.36,12.29,0.15,96.08,1.84,5.45,35.40,31.95,21.43}
{0.82,1.98,0.97,0.68,3.27,1.07,1.00,1.21}
{Inf,-69.35,-56.12,-65.99,-67.30,-70.48,-67.48,-65.91,Inf,-71.04,-65.39,-58.76,-66.86,-71.14,-68.66,-70.40,-63.78,-69.06,Inf,-67.69,-66.32,-66.95,-63.74,-70.71,-62.15,-66.71,Inf,-62.55,-61.45,-70.39,-64.28,-64.41,-70.00,-68.90,-65.49,Inf,-68.78,-68.90,-65.35,-69.30,-69.98,-70.63,-64.76,-66.62,-66.83,-70.42,Inf,-62.52,-69.40,-69.29,-57.12,-69.88,-70.11,-68.24,Inf,-68.80,-70.99,-67.73,-58.90,-66.92,-63.19,-70.36,-67.42,-61.07,-71.44,Inf,-70.13,-67.41,-66.54,-62.28,-63.21}
{Inf,-85.36,-71.46,-88.18,-85.36,-94.85,-96.69,-103.00;
-85.36,Inf,-88.18,-71.46,-94.85,-85.36,-103.00,-96.69;
-71.46,-88.18,Inf,-85.36,-71.46,-88.18,-85.36,-94.85;
-88.18,-71.46,-85.36,Inf,-88.18,-71.46,-94.85,-85.36;
-85.36,-94.85,-71.46,-88.18,Inf,-85.36,-71.46,-88.18;
-94.85,-85.36,-88.18,-71.46,-85.36,Inf,-88.18,-71.46;
-96.69,-103.00,-85.36,-94.85,-71.46,-88.18,Inf,-85.36;
-103.00,-96.69,-94.85,-85.36,-88.18,-71.46,-85.36,Inf}
 KOMONDOR SIMULATION 'sim_input_nodes_sce2c_deployment_04.csv' (seed 1992)
{92.16,5.76,21.20,15.05,4.07,28.72,17.36,126.72,25.19,23.19,9.83,20.12,10.52,16.51,21.35,53.45,14.13,0.84,2.46,4.22,5.38,7.07,7.60,11.75,38.02,10.21,7.45,1.00,0.77,3.53,13.06,0.00,2.00,79.49,9.75,12.13,1.08,13.59,6.53,10.21,4.68,0.00,12.67,8.83,50.15,3.23,10.14,2.15,12.36,1.00,8.52,0.00,2.46,0.08,10.21,150.07,7.22,35.10,38.55,33.33,35.87,139.08,13.36,22.89,22.50,21.81,15.59,18.59,2.00,22.35}
{1.15,-12.16,1.99,1.77,1.25,1.08,3.88,3.03}
{Inf,-69.49,-71.00,-69.52,-71.20,-55.75,-68.42,Inf,-64.69,-64.80,-71.10,-61.75,-70.34,-66.06,-61.70,Inf,-57.70,-69.44,-65.22,-66.61,-66.70,-67.48,-65.69,-53.05,Inf,-55.32,-67.30,-66.78,-70.49,-71.32,-58.02,-68.69,-65.89,Inf,-67.82,-47.10,-68.97,-61.07,-70.82,-64.51,-69.80,-71.02,-53.68,-68.25,Inf,-65.22,-64.25,-70.52,-52.24,-67.22,-68.36,-70.36,-70.61,-71.19,-57.44,Inf,-67.06,-66.26,-62.62,-68.89,-61.64,Inf,-65.27,-61.84,-69.43,-65.66,-64.92,-63.57,-71.21,-60.78}
{Inf,-85.36,-71.46,-88.18,-85.36,-94.85,-96.69,-103.00;
-85.36,Inf,-88.18,-71.46,-94.85,-85.36,-103.00,-96.69;
-71.46,-88.18,Inf,-85.36,-71.46,-88.18,-85.36,-94.85;
-88.18,-71.46,-85.36,Inf,-88.18,-71.46,-94.85,-85.36;
-85.36,-94.85,-71.46,-88.18,Inf,-85.36,-71.46,-88.18;
-94.85,-85.36,-88.18,-71.46,-85.36,Inf,-88.18,-71.46;
-96.69,-103.00,-85.36,-94.85,-71.46,-88.18,Inf,-85.36;
-103.00,-96.69,-94.85,-85.36,-88.18,-71.46,-85.36,Inf}
 KOMONDOR SIMULATION 'sim_input_nodes_sce2c_deployment_05.csv' (seed 1992)
{118.27,18.66,10.98,9.22,12.83,8.14,18.89,5.45,16.97,17.13,0.00,140.54,32.26,20.58,10.60,38.71,38.40,67.05,7.45,5.45,10.21,9.68,10.75,8.14,6.84,0.46,7.53,0.54,60.60,1.92,10.52,8.83,0.00,0.69,6.99,10.75,11.14,9.75,54.14,4.07,8.22,0.00,10.44,8.76,8.45,0.08,13.06,1.08,60.44,0.31,1.46,14.59,19.89,24.19,74.88,7.45,4.61,19.66,21.58,5.91,15.28,0.15,0.23,103.83,35.33,31.72,5.38,30.57,0.84}
{0.18,12.78,2.07,2.56,1.01,2.43,0.12,2.31}
{Inf,-67.71,-64.58,-64.27,-70.33,-70.08,-66.65,-65.42,-68.59,-63.65,-71.40,Inf,-70.87,-66.84,-65.40,-58.18,-56.78,Inf,-69.40,-64.50,-57.91,-57.67,-53.60,-70.39,-66.20,-67.21,-62.53,-67.22,Inf,-65.93,-60.31,-61.32,-70.84,-68.10,-69.59,-55.00,-66.35,-60.47,Inf,-69.64,-68.45,-71.03,-57.36,-67.63,-69.28,-71.07,-52.99,-68.47,Inf,-71.12,-67.43,-68.44,-63.16,-59.39,Inf,-70.36,-67.35,-68.04,-63.57,-68.95,-65.15,-70.98,-71.09,Inf,-62.91,-68.48,-69.14,-60.17,-70.94}
{Inf,-85.36,-71.46,-88.18,-85.36,-94.85,-96.69,-103.00;
-85.36,Inf,-88.18,-71.46,-94.85,-85.36,-103.00,-96.69;
-71.46,-88.18,Inf,-85.36,-71.46,-88.18,-85.36,-94.85;
-88.18,-71.46,-85.36,Inf,-88.18,-71.46,-94.85,-85.36;
-85.36,-94.85,-71.46,-88.18,Inf,-85.36,-71.46,-88.18;
-94.85,-85.36,-88.18,-71.46,-85.36,Inf,-88.18,-71.46;
-96.69,-103.00,-85.36,-94.85,-71.46,-88.18,Inf,-85.36;
-103.00,-96.69,-94.85,-85.36,-88.18,-71.46,-85.36,Inf}
 KOMONDOR SIMULATION 'sim_input_nodes_sce2c_deployment_06.csv' (seed 1992)
{84.63,0.54,6.45,23.12,0.15,6.76,23.65,23.96,116.04,31.18,28.19,29.18,13.13,14.36,62.52,6.84,11.44,9.60,0.38,7.91,11.67,1.00,7.68,5.99,43.70,12.44,0.61,0.77,11.44,2.00,1.00,5.68,6.14,3.61,69.81,9.91,13.82,0.00,12.06,11.14,10.52,12.36,65.59,0.31,5.53,9.06,2.84,10.75,11.37,13.82,0.23,11.52,0.15,138.47,27.11,1.08,34.71,32.79,16.74,26.04,127.80,0.08,19.12,19.12,25.57,0.92,18.82,21.04,23.12}
{0.94,0.27,1.47,2.40,1.58,1.75,3.79,3.25}
{Inf,-68.53,-65.63,-63.78,-70.64,-71.30,-66.99,-54.42,Inf,-64.56,-71.21,-64.93,-66.09,-70.29,Inf,-70.66,-68.55,-63.88,-68.34,-61.43,-55.63,-66.52,-60.66,-70.65,Inf,-60.40,-68.02,-66.66,-69.75,-66.61,-67.10,-61.33,-64.48,-67.00,Inf,-68.64,-62.42,-71.42,-62.00,-68.49,-62.64,-68.93,Inf,-67.66,-69.63,-63.70,-71.13,-64.64,-54.68,-61.40,-69.79,-57.54,-70.00,Inf,-68.45,-70.68,-59.00,-61.27,-65.78,-60.70,Inf,-70.31,-66.57,-68.87,-45.02,-70.96,-71.30,-58.56,-50.21}
{Inf,-85.36,-71.46,-88.18,-85.36,-94.85,-96.69,-103.00;
-85.36,Inf,-88.18,-71.46,-94.85,-85.36,-103.00,-96.69;
-71.46,-88.18,Inf,-85.36,-71.46,-88.18,-85.36,-94.85;
-88.18,-71.46,-85.36,Inf,-88.18,-71.46,-94.85,-85.36;
-85.36,-94.85,-71.46,-88.18,Inf,-85.36,-71.46,-88.18;
-94.85,-85.36,-88.18,-71.46,-85.36,Inf,-88.18,-71.46;
-96.69,-103.00,-85.36,-94.85,-71.46,-88.18,Inf,-85.36;
-103.00,-96.69,-94.85,-85.36,-88.18,-71.46,-85.36,Inf}
 KOMONDOR SIMULATION 'sim_input_nodes_sce2c_deployment_07.csv' (seed 1992)
{107.90,16.28,17.82,17.20,7.30,20.20,3.23,0.00,11.14,13.90,0.84,143.31,7.91,26.96,22.50,24.27,20.51,19.05,22.12,75.19,11.98,9.60,9.14,1.77,18.43,16.28,7.99,22.89,6.22,13.82,0.46,0.00,1.92,0.46,23.58,7.45,7.53,6.22,0.38,0.00,0.15,0.08,1.77,66.74,12.21,17.20,0.69,10.44,16.28,9.45,0.46,96.54,11.83,13.59,1.69,3.53,6.37,23.73,4.99,19.66,11.14,108.98,27.03,19.43,10.21,22.89,21.73,6.76,0.92}
{2.86,3.28,3.47,0.54,0.00,0.36,1.01,1.79}
{Inf,-56.07,-69.59,-59.39,-65.39,-53.26,-70.65,-71.24,-65.11,-67.90,-69.86,Inf,-71.04,-68.01,-66.88,-61.61,-62.35,-63.02,-61.29,Inf,-61.25,-63.42,-67.74,-66.10,-59.23,-65.56,-64.05,Inf,-65.27,-66.46,-68.51,-71.38,-66.14,-68.56,Inf,-69.53,-63.48,-71.35,-69.19,-70.31,-70.74,-70.31,-67.20,Inf,-68.98,-61.12,-70.23,-63.84,-61.41,-68.96,-68.12,Inf,-69.32,-68.92,-68.76,-69.65,-65.88,-58.00,-70.14,-58.15,-66.72,Inf,-46.31,-69.75,-70.44,-58.18,-68.94,-66.42,-69.31}
{Inf,-85.36,-71.46,-88.18,-85.36,-94.85,-96.69,-103.00;
-85.36,Inf,-88.18,-71.46,-94.85,-85.36,-103.00,-96.69;
-71.46,-88.18,Inf,-85.36,-71.46,-88.18,-85.36,-94.85;
-88.18,-71.46,-85.36,Inf,-88.18,-71.46,-94.85,-85.36;
-85.36,-94.85,-71.46,-88.18,Inf,-85.36,-71.46,-88.18;
-94.85,-85.36,-88.18,-71.46,-85.36,Inf,-88.18,-71.46;
-96.69,-103.00,-85.36,-94.85,-71.46,-88.18,Inf,-85.36;
-103.00,-96.69,-94.85,-85.36,-88.18,-71.46,-85.36,Inf}
 KOMONDOR SIMULATION 'sim_input_nodes_sce2c_deployment_08.csv' (seed 1992)
{137.93,14.36,15.05,23.73,6.68,21.81,11.90,20.28,17.36,6.76,77.34,14.28,1.23,17.74,8.52,12.52,8.91,0.08,1.23,6.14,6.68,41.16,1.61,7.45,4.30,4.68,0.54,9.22,9.29,0.31,3.76,50.76,3.76,11.83,9.06,0.00,2.00,10.14,13.98,85.40,8.14,12.52,22.89,23.35,18.51,62.44,0.08,10.29,0.38,8.52,12.44,8.14,6.14,13.82,2.61,107.21,27.80,12.83,25.11,28.72,4.92,7.83,117.12,15.21,30.34,26.80,18.82,24.35,1.61}
{1.92,1.76,0.85,2.77,3.61,5.82,1.72,1.33}
{Inf,-67.07,-65.20,-68.80,-66.00,-67.93,-65.21,-58.28,-61.91,-70.08,Inf,-67.21,-70.63,-63.06,-64.76,-63.99,-65.24,-71.30,-70.65,-71.06,-64.05,Inf,-66.38,-63.89,-69.56,-67.40,-70.53,-61.16,-60.76,-68.29,-67.79,Inf,-68.72,-67.64,-62.60,-71.11,-67.03,-67.37,-55.13,Inf,-70.78,-70.59,-56.15,-62.26,-60.92,Inf,-71.34,-57.92,-69.48,-66.13,-63.20,-70.03,-69.62,-53.16,-65.43,Inf,-71.32,-65.31,-64.80,-53.29,-69.65,-68.59,Inf,-65.13,-66.40,-59.60,-63.70,-63.57,-70.11}
{Inf,-85.36,-71.46,-88.18,-85.36,-94.85,-96.69,-103.00;
-85.36,Inf,-88.18,-71.46,-94.85,-85.36,-103.00,-96.69;
-71.46,-88.18,Inf,-85.36,-71.46,-88.18,-85.36,-94.85;
-88.18,-71.46,-85.36,Inf,-88.18,-71.46,-94.85,-85.36;
-85.36,-94.85,-71.46,-88.18,Inf,-85.36,-71.46,-88.18;
-94.85,-85.36,-88.18,-71.46,-85.36,Inf,-88.18,-71.46;
-96.69,-103.00,-85.36,-94.85,-71.46,-88.18,Inf,-85.36;
-103.00,-96.69,-94.85,-85.36,-88.18,-71.46,-85.36,Inf}
 KOMONDOR SIMULATION 'sim_input_nodes_sce2c_deployment_09.csv' (seed 1992)
{115.74,13.06,19.51,21.58,25.50,18.28,17.82,104.52,23.81,8.14,40.01,0.31,32.26,37.79,1.38,14.59,19.81,0.61,1.38,47.31,0.38,13.75,1.46,8.06,12.44,1.15,9.98,0.08,69.58,8.29,13.29,6.14,0.31,2.61,11.90,8.06,0.54,7.99,10.44,77.57,9.68,13.06,0.23,9.91,0.00,1.00,10.98,11.75,13.06,7.91,140.85,18.97,20.89,0.69,6.76,20.74,16.05,15.05,23.42,18.28,110.98,0.38,23.12,1.00,18.66,18.97,4.99,24.04,19.81}
{0.00,-10.50,0.18,0.83,2.54,1.42,0.69,3.08}
{Inf,-71.17,-66.67,-62.63,-67.71,-64.31,-64.75,Inf,-64.67,-66.43,-65.80,-71.26,-66.93,Inf,-67.00,-68.52,-58.58,-70.02,-66.82,Inf,-69.74,-64.16,-67.26,-63.75,-56.28,-69.39,-63.88,-69.65,Inf,-66.30,-55.29,-62.51,-70.13,-70.06,-59.26,-69.24,-70.96,-67.20,-57.76,Inf,-62.25,-55.66,-71.26,-71.20,-68.82,-71.40,-66.13,-56.04,-53.74,-65.67,Inf,-61.74,-66.40,-69.38,-67.10,-51.53,-67.71,-69.61,-60.60,-66.19,Inf,-70.29,-61.69,-69.84,-69.04,-63.79,-68.74,-64.05,-61.27}
{Inf,-85.36,-71.46,-88.18,-85.36,-94.85,-96.69,-103.00;
-85.36,Inf,-88.18,-71.46,-94.85,-85.36,-103.00,-96.69;
-71.46,-88.18,Inf,-85.36,-71.46,-88.18,-85.36,-94.85;
-88.18,-71.46,-85.36,Inf,-88.18,-71.46,-94.85,-85.36;
-85.36,-94.85,-71.46,-88.18,Inf,-85.36,-71.46,-88.18;
-94.85,-85.36,-88.18,-71.46,-85.36,Inf,-88.18,-71.46;
-96.69,-103.00,-85.36,-94.85,-71.46,-88.18,Inf,-85.36;
-103.00,-96.69,-94.85,-85.36,-88.18,-71.46,-85.36,Inf}
 KOMONDOR SIMULATION 'sim_input_nodes_sce2c_deployment_10.csv' (seed 1992)
{145.31,11.90,18.51,21.12,20.97,16.97,12.67,20.66,11.67,10.83,88.63,14.59,0.08,15.74,15.21,6.07,0.69,9.83,12.29,14.13,0.00,56.37,14.13,13.21,11.37,11.21,6.37,0.08,48.69,0.00,9.98,0.00,5.38,3.30,10.60,1.69,13.13,4.61,41.63,0.54,9.60,0.54,3.46,5.22,0.08,3.61,6.76,1.08,10.75,25.19,4.99,3.07,3.00,1.08,13.06,139.16,5.61,39.63,27.49,35.17,31.26,122.42,17.97,15.74,27.96,40.63,20.12}
{0.61,2.59,0.14,1.70,1.82,0.79,3.23,2.07}
{Inf,-71.46,-69.87,-69.05,-63.76,-66.09,-61.56,-61.72,-66.79,-63.54,Inf,-62.97,-70.74,-50.34,-63.81,-71.19,-70.08,-71.35,-59.23,-57.75,-70.18,Inf,-65.40,-64.77,-69.07,-65.92,-66.29,-71.21,Inf,-70.77,-61.84,-70.41,-66.20,-70.89,-64.12,-66.43,-57.73,-68.81,Inf,-67.95,-59.32,-71.22,-68.54,-69.38,-70.70,-71.46,-63.65,-70.88,-58.05,Inf,-65.68,-66.57,-65.95,-67.73,-62.44,Inf,-68.32,-46.01,-71.10,-60.57,-60.75,Inf,-64.38,-71.34,-69.03,-54.43,-65.41}
{Inf,-85.36,-71.46,-88.18,-85.36,-94.85,-96.69,-103.00;
-85.36,Inf,-88.18,-71.46,-94.85,-85.36,-103.00,-96.69;
-71.46,-88.18,Inf,-85.36,-71.46,-88.18,-85.36,-94.85;
-88.18,-71.46,-85.36,Inf,-88.18,-71.46,-94.85,-85.36;
-85.36,-94.85,-71.46,-88.18,Inf,-85.36,-71.46,-88.18;
-94.85,-85.36,-88.18,-71.46,-85.36,Inf,-88.18,-71.46;
-96.69,-103.00,-85.36,-94.85,-71.46,-88.18,Inf,-85.36;
-103.00,-96.69,-94.85,-85.36,-88.18,-71.46,-85.36,Inf}
 KOMONDOR SIMULATION 'sim_input_nodes_sce2c_deployment_11.csv' (seed 1992)
{147.00,14.21,20.35,21.66,0.77,0.31,18.66,22.73,17.20,21.35,9.75,79.10,16.05,22.73,11.44,21.66,5.99,1.00,0.23,66.28,16.90,0.69,17.20,15.82,0.69,14.98,42.47,16.74,0.77,8.99,10.75,0.00,5.22,55.53,4.68,8.91,0.23,1.84,9.45,7.07,0.31,7.37,10.06,5.61,45.70,11.44,12.21,0.54,1.92,19.12,0.46,100.76,1.00,15.44,19.35,4.15,22.35,2.00,15.28,21.20,102.76,32.10,11.14,9.98,12.21,37.32}
{4.68,0.12,1.09,3.75,3.09,0.30,1.95,4.01}
{Inf,-63.54,-54.65,-57.43,-69.58,-70.37,-54.84,-56.00,-63.80,-53.64,-67.26,Inf,-70.61,-70.26,-66.78,-63.14,-69.14,-70.82,-69.34,Inf,-59.37,-71.17,-67.02,-59.09,-68.29,-70.79,Inf,-57.62,-68.24,-63.14,-64.03,-70.88,-64.64,Inf,-63.54,-57.35,-69.18,-68.93,-62.92,-65.17,-69.46,-63.04,-54.57,-62.39,Inf,-67.62,-65.29,-70.18,-71.15,-59.51,-68.85,Inf,-70.43,-65.19,-58.72,-69.37,-61.96,-70.11,-70.27,-59.53,Inf,-59.82,-70.52,-68.95,-68.11,-55.60}
{Inf,-85.36,-71.46,-88.18,-85.36,-94.85,-96.69,-103.00;
-85.36,Inf,-88.18,-71.46,-94.85,-85.36,-103.00,-96.69;
-71.46,-88.18,Inf,-85.36,-71.46,-88.18,-85.36,-94.85;
-88.18,-71.46,-85.36,Inf,-88.18,-71.46,-94.85,-85.36;
-85.36,-94.85,-71.46,-88.18,Inf,-85.36,-71.46,-88.18;
-94.85,-85.36,-88.18,-71.46,-85.36,Inf,-88.18,-71.46;
-96.69,-103.00,-85.36,-94.85,-71.46,-88.18,Inf,-85.36;
-103.00,-96.69,-94.85,-85.36,-88.18,-71.46,-85.36,Inf}
 KOMONDOR SIMULATION 'sim_input_nodes_sce2c_deployment_12.csv' (seed 1992)
{165.66,25.42,24.65,32.87,31.33,20.12,31.26,98.69,18.89,23.50,16.05,15.67,1.77,4.84,15.90,2.07,58.83,1.92,10.52,3.23,13.21,0.38,9.68,6.68,11.98,1.23,42.62,9.06,0.00,2.30,3.30,12.75,15.21,31.18,0.61,11.90,1.61,13.21,3.84,54.76,10.83,1.77,7.37,7.99,7.91,11.44,0.00,7.45,142.16,27.57,3.69,29.80,26.50,20.51,10.75,23.35,128.41,31.80,19.66,7.76,28.65,11.90,28.65}
{3.01,-13.28,7.83,3.15,0.18,1.15,1.21,2.65}
{Inf,-67.81,-62.56,-60.57,-57.47,-62.78,-68.16,Inf,-63.58,-55.32,-68.58,-69.46,-67.69,-66.20,-69.71,-66.77,Inf,-67.93,-62.03,-65.65,-55.69,-70.63,-64.97,-68.40,-62.27,-69.49,Inf,-68.06,-71.12,-70.05,-67.43,-60.12,-65.18,Inf,-69.77,-67.58,-67.31,-68.19,-65.28,Inf,-60.89,-67.93,-67.22,-67.86,-65.27,-53.33,-70.36,-70.52,Inf,-65.93,-69.32,-65.59,-63.26,-61.72,-67.65,-71.45,Inf,-61.00,-64.18,-70.09,-69.94,-65.19,-60.19}
{Inf,-85.36,-71.46,-88.18,-85.36,-94.85,-96.69,-103.00;
-85.36,Inf,-88.18,-71.46,-94.85,-85.36,-103.00,-96.69;
-71.46,-88.18,Inf,-85.36,-71.46,-88.18,-85.36,-94.85;
-88.18,-71.46,-85.36,Inf,-88.18,-71.46,-94.85,-85.36;
-85.36,-94.85,-71.46,-88.18,Inf,-85.36,-71.46,-88.18;
-94.85,-85.36,-88.18,-71.46,-85.36,Inf,-88.18,-71.46;
-96.69,-103.00,-85.36,-94.85,-71.46,-88.18,Inf,-85.36;
-103.00,-96.69,-94.85,-85.36,-88.18,-71.46,-85.36,Inf}
 KOMONDOR SIMULATION 'sim_input_nodes_sce2c_deployment_13.csv' (seed 1992)
{102.45,31.95,0.15,28.03,5.45,36.86,112.51,27.26,2.61,29.34,18.97,28.11,3.30,2.92,60.67,11.60,0.15,1.00,8.37,7.53,3.23,9.60,0.31,11.67,7.22,75.96,14.36,11.98,13.06,11.98,0.31,10.21,0.31,1.08,12.67,59.67,13.98,13.59,0.38,8.29,5.15,14.36,3.92,50.84,0.38,1.84,11.75,1.61,12.60,11.37,10.52,0.77,73.96,3.76,0.23,9.14,7.14,2.69,11.67,13.06,9.37,16.90,110.98,25.19,19.35,2.61,24.58,2.46,24.42,12.36}
{1.09,2.37,1.49,2.45,0.24,0.00,0.36,0.24}
{Inf,-66.11,-71.12,-70.10,-68.17,-60.57,Inf,-60.54,-70.08,-57.02,-68.49,-54.00,-68.97,-70.54,Inf,-53.72,-70.38,-69.56,-62.25,-66.82,-66.49,-67.46,-69.07,-53.35,-63.89,Inf,-48.10,-63.89,-51.44,-57.84,-71.16,-67.72,-68.30,-68.23,-60.26,Inf,-59.61,-66.34,-68.19,-69.99,-70.39,-65.65,-65.95,Inf,-68.23,-70.39,-62.95,-67.94,-67.19,-64.71,-66.60,-67.72,Inf,-67.80,-70.75,-69.90,-65.70,-68.14,-71.06,-63.99,-67.10,-65.68,Inf,-60.48,-67.72,-67.60,-67.39,-71.14,-65.73,-69.49}
{Inf,-85.36,-71.46,-88.18,-85.36,-94.85,-96.69,-103.00;
-85.36,Inf,-88.18,-71.46,-94.85,-85.36,-103.00,-96.69;
-71.46,-88.18,Inf,-85.36,-71.46,-88.18,-85.36,-94.85;
-88.18,-71.46,-85.36,Inf,-88.18,-71.46,-94.85,-85.36;
-85.36,-94.85,-71.46,-88.18,Inf,-85.36,-71.46,-88.18;
-94.85,-85.36,-88.18,-71.46,-85.36,Inf,-88.18,-71.46;
-96.69,-103.00,-85.36,-94.85,-71.46,-88.18,Inf,-85.36;
-103.00,-96.69,-94.85,-85.36,-88.18,-71.46,-85.36,Inf}
 KOMONDOR SIMULATION 'sim_input_nodes_sce2c_deployment_14.csv' (seed 1992)
{92.93,5.22,23.35,27.49,5.53,0.92,6.53,23.88,74.11,24.81,0.00,2.30,20.12,24.12,2.76,63.51,2.30,17.36,14.21,0.31,1.08,13.13,15.13,34.87,6.84,0.54,4.84,0.31,12.36,0.15,8.99,0.84,70.04,19.43,0.84,3.76,15.90,16.74,13.36,50.15,12.52,8.91,0.00,11.52,6.76,0.00,1.15,9.29,118.27,5.91,22.58,1.46,17.74,6.14,11.90,18.89,19.12,14.52,78.87,10.52,2.00,31.18,0.92,34.25}
{0.61,1.23,2.95,0.73,2.06,0.39,2.54,1.65}
{Inf,-69.18,-69.29,-65.87,-65.96,-69.09,-66.38,-59.99,Inf,-54.04,-70.98,-70.11,-69.60,-70.29,-67.94,Inf,-66.09,-56.93,-65.43,-70.81,-67.70,-59.02,-58.64,Inf,-68.28,-69.60,-70.75,-69.06,-58.04,-68.44,-68.90,-67.93,Inf,-60.42,-68.65,-71.07,-66.17,-62.15,-61.85,Inf,-59.16,-70.13,-71.16,-65.36,-64.04,-71.40,-70.52,-71.13,Inf,-70.85,-58.25,-70.19,-66.98,-70.87,-63.85,-50.13,-54.46,-70.74,Inf,-65.71,-70.32,-55.77,-68.88,-70.12}
{Inf,-85.36,-71.46,-88.18,-85.36,-94.85,-96.69,-103.00;
-85.36,Inf,-88.18,-71.46,-94.85,-85.36,-103.00,-96.69;
-71.46,-88.18,Inf,-85.36,-71.46,-88.18,-85.36,-94.85;
-88.18,-71.46,-85.36,Inf,-88.18,-71.46,-94.85,-85.36;
-85.36,-94.85,-71.46,-88.18,Inf,-85.36,-71.46,-88.18;
-94.85,-85.36,-88.18,-71.46,-85.36,Inf,-88.18,-71.46;
-96.69,-103.00,-85.36,-94.85,-71.46,-88.18,Inf,-85.36;
-103.00,-96.69,-94.85,-85.36,-88.18,-71.46,-85.36,Inf}
 KOMONDOR SIMULATION 'sim_input_nodes_sce2c_deployment_15.csv' (seed 1992)
{147.99,24.96,21.73,0.61,18.82,17.82,26.50,17.28,20.28,137.63,1.46,20.58,41.86,29.11,44.62,76.65,4.84,15.21,9.14,8.99,8.76,13.44,3.76,12.52,47.16,0.08,0.61,16.90,17.43,12.13,35.94,1.00,0.54,2.30,14.44,0.69,10.21,6.76,57.06,1.00,15.44,7.53,11.06,22.04,140.31,27.96,26.57,15.28,10.52,29.03,7.60,23.35,147.92,16.44,23.42,21.73,21.50,8.99,2.15,20.74,19.89,13.06}
{2.12,3.51,3.58,0.14,0.60,1.26,4.59,2.06}
{Inf,-59.73,-67.73,-70.43,-71.02,-66.83,-52.87,-63.22,-62.92,Inf,-68.80,-67.45,-57.27,-63.78,-56.09,Inf,-69.21,-56.73,-63.56,-67.74,-60.69,-62.25,-66.34,-58.75,Inf,-70.49,-69.05,-63.49,-64.33,-71.04,Inf,-66.44,-70.09,-65.90,-50.53,-66.62,-67.84,-67.64,Inf,-66.72,-68.85,-68.85,-66.65,-50.89,Inf,-58.62,-57.67,-71.24,-64.61,-56.93,-65.30,-66.15,Inf,-62.38,-60.48,-66.21,-61.64,-69.25,-69.09,-60.41,-57.90,-70.62}
{Inf,-85.36,-71.46,-88.18,-85.36,-94.85,-96.69,-103.00;
-85.36,Inf,-88.18,-71.46,-94.85,-85.36,-103.00,-96.69;
-71.46,-88.18,Inf,-85.36,-71.46,-88.18,-85.36,-94.85;
-88.18,-71.46,-85.36,Inf,-88.18,-71.46,-94.85,-85.36;
-85.36,-94.85,-71.46,-88.18,Inf,-85.36,-71.46,-88.18;
-94.85,-85.36,-88.18,-71.46,-85.36,Inf,-88.18,-71.46;
-96.69,-103.00,-85.36,-94.85,-71.46,-88.18,Inf,-85.36;
-103.00,-96.69,-94.85,-85.36,-88.18,-71.46,-85.36,Inf}
 KOMONDOR SIMULATION 'sim_input_nodes_sce2c_deployment_16.csv' (seed 1992)
{122.19,15.97,0.00,15.82,20.97,21.27,19.20,6.76,22.20,104.37,23.96,0.00,14.75,21.20,2.07,20.74,20.74,0.92,58.91,1.08,15.05,2.15,0.92,11.44,3.53,9.98,14.75,72.12,12.83,8.29,11.75,13.98,10.44,1.08,13.21,0.54,66.59,5.53,12.60,9.68,0.00,9.37,5.61,13.13,0.15,10.52,50.38,7.76,0.77,6.14,8.91,1.15,7.60,4.92,6.68,0.00,6.45,95.92,0.23,26.27,1.15,24.27,22.58,21.43,62.52,4.92,29.34,3.84,21.89,2.53}
{1.92,1.82,1.56,1.61,1.44,1.51,1.46,-0.00}
{Inf,-67.53,-71.21,-71.34,-55.36,-65.97,-60.08,-70.61,-62.00,Inf,-63.55,-71.21,-69.10,-68.89,-70.81,-63.38,-60.49,-69.49,Inf,-66.71,-57.01,-66.40,-68.62,-69.68,-68.51,-66.78,-55.55,Inf,-60.59,-66.59,-68.31,-57.23,-68.74,-68.49,-65.54,-69.98,Inf,-66.14,-66.42,-62.38,-71.38,-58.98,-69.24,-52.80,-70.01,-58.67,Inf,-59.76,-68.33,-67.03,-56.74,-69.07,-61.02,-71.24,-68.40,-70.16,-70.61,Inf,-70.50,-63.58,-69.89,-71.41,-59.96,-70.18,Inf,-70.59,-68.71,-70.53,-68.33,-70.80}
{Inf,-85.36,-71.46,-88.18,-85.36,-94.85,-96.69,-103.00;
-85.36,Inf,-88.18,-71.46,-94.85,-85.36,-103.00,-96.69;
-71.46,-88.18,Inf,-85.36,-71.46,-88.18,-85.36,-94.85;
-88.18,-71.46,-85.36,Inf,-88.18,-71.46,-94.85,-85.36;
-85.36,-94.85,-71.46,-88.18,Inf,-85.36,-71.46,-88.18;
-94.85,-85.36,-88.18,-71.46,-85.36,Inf,-88.18,-71.46;
-96.69,-103.00,-85.36,-94.85,-71.46,-88.18,Inf,-85.36;
-103.00,-96.69,-94.85,-85.36,-88.18,-71.46,-85.36,Inf}
 KOMONDOR SIMULATION 'sim_input_nodes_sce2c_deployment_17.csv' (seed 1992)
{192.00,33.95,43.24,40.63,41.70,32.49,122.65,13.98,15.44,18.20,2.15,19.74,14.67,18.12,13.52,4.15,2.69,46.31,1.69,8.60,4.38,5.76,4.22,5.38,2.53,3.15,9.60,1.00,35.64,0.38,0.46,6.76,10.75,1.69,2.38,13.06,0.15,35.87,8.99,0.08,8.99,2.84,0.84,0.15,8.60,5.38,30.87,0.00,1.31,1.46,5.61,3.92,8.91,0.15,0.08,0.08,9.37,86.94,25.80,20.74,0.54,0.23,19.12,1.23,19.28,112.05,18.36,17.05,18.59,13.29,9.60,2.38,13.52,17.66,1.61}
{4.99,1.25,4.49,0.27,1.88,0.79,1.55,0.78}
{Inf,-60.39,-49.10,-65.64,-52.96,-64.44,Inf,-65.06,-66.85,-53.74,-67.23,-71.43,-64.69,-55.12,-64.97,-69.02,-70.19,Inf,-67.74,-64.84,-64.81,-69.57,-65.46,-70.51,-65.88,-65.43,-68.79,-67.23,Inf,-68.80,-70.43,-64.64,-68.45,-67.10,-69.96,-65.63,-71.36,Inf,-60.46,-71.36,-61.43,-65.56,-70.04,-69.61,-61.28,-67.29,Inf,-70.55,-70.70,-68.99,-70.19,-65.31,-59.95,-70.83,-71.35,-68.53,-58.49,Inf,-49.93,-61.17,-70.70,-70.70,-62.72,-70.25,-69.39,Inf,-63.69,-66.96,-68.82,-66.80,-70.45,-66.88,-70.12,-55.56,-70.22}
{Inf,-85.36,-71.46,-88.18,-85.36,-94.85,-96.69,-103.00;
-85.36,Inf,-88.18,-71.46,-94.85,-85.36,-103.00,-96.69;
-71.46,-88.18,Inf,-85.36,-71.46,-88.18,-85.36,-94.85;
-88.18,-71.46,-85.36,Inf,-88.18,-71.46,-94.85,-85.36;
-85.36,-94.85,-71.46,-88.18,Inf,-85.36,-71.46,-88.18;
-94.85,-85.36,-88.18,-71.46,-85.36,Inf,-88.18,-71.46;
-96.69,-103.00,-85.36,-94.85,-71.46,-88.18,Inf,-85.36;
-103.00,-96.69,-94.85,-85.36,-88.18,-71.46,-85.36,Inf}
 KOMONDOR SIMULATION 'sim_input_nodes_sce2c_deployment_18.csv' (seed 1992)
{118.89,20.97,2.15,14.90,16.74,12.98,18.89,1.69,1.69,10.14,18.74,117.20,22.50,1.84,13.59,14.36,9.98,6.91,24.42,0.15,23.42,69.35,12.83,0.00,19.05,16.74,6.14,11.14,3.46,62.98,16.97,1.15,7.14,10.37,11.06,16.28,46.54,8.60,0.84,19.12,5.53,3.53,8.91,46.39,1.15,4.84,5.45,10.06,8.91,5.53,10.44,105.14,1.54,31.41,3.00,35.02,34.18,74.19,3.30,15.97,1.08,3.15,14.28,8.22,8.29,19.89}
{1.79,2.14,1.46,1.90,1.07,0.18,0.18,0.61}
{Inf,-59.56,-67.18,-61.69,-69.74,-68.53,-58.41,-69.19,-70.17,-64.31,-61.15,Inf,-58.64,-66.99,-63.65,-62.27,-66.30,-71.41,-69.10,-70.66,-53.48,Inf,-66.46,-70.34,-53.22,-58.51,-67.19,-62.47,-66.16,Inf,-52.87,-68.14,-70.12,-61.58,-68.42,-61.56,Inf,-69.93,-67.84,-56.16,-70.62,-68.51,-68.09,Inf,-66.10,-70.54,-65.30,-66.92,-66.75,-69.48,-66.21,Inf,-70.20,-65.24,-68.68,-63.93,-66.36,Inf,-70.79,-69.21,-71.41,-67.69,-62.53,-68.94,-69.50,-61.41}
{Inf,-85.36,-71.46,-88.18,-85.36,-94.85,-96.69,-103.00;
-85.36,Inf,-88.18,-71.46,-94.85,-85.36,-103.00,-96.69;
-71.46,-88.18,Inf,-85.36,-71.46,-88.18,-85.36,-94.85;
-88.18,-71.46,-85.36,Inf,-88.18,-71.46,-94.85,-85.36;
-85.36,-94.85,-71.46,-88.18,Inf,-85.36,-71.46,-88.18;
-94.85,-85.36,-88.18,-71.46,-85.36,Inf,-88.18,-71.46;
-96.69,-103.00,-85.36,-94.85,-71.46,-88.18,Inf,-85.36;
-103.00,-96.69,-94.85,-85.36,-88.18,-71.46,-85.36,Inf}
 KOMONDOR SIMULATION 'sim_input_nodes_sce2c_deployment_19.csv' (seed 1992)
{87.24,23.73,3.00,24.50,0.23,11.44,3.61,20.74,92.47,24.35,1.38,12.06,23.35,0.23,1.15,16.51,13.44,56.99,10.44,5.15,3.92,14.28,6.76,2.30,9.91,4.15,0.08,43.55,0.69,13.82,18.59,2.07,7.68,0.69,51.15,0.08,10.21,9.29,13.82,0.08,17.66,66.43,1.23,26.80,23.96,0.15,14.28,108.44,0.92,18.97,17.89,18.20,14.21,1.84,15.44,17.20,1.77,2.00,162.05,30.57,24.27,31.95,14.67,26.80,33.79}
{0.18,0.61,1.09,2.98,2.58,3.09,1.10,4.24}
{Inf,-65.97,-66.71,-66.76,-71.37,-64.98,-70.47,-57.72,Inf,-67.20,-71.22,-65.97,-65.75,-71.22,-69.67,-61.34,-63.21,Inf,-61.83,-71.25,-68.57,-54.00,-65.33,-69.39,-59.95,-70.18,-69.56,Inf,-69.87,-62.11,-51.90,-68.16,-66.27,-69.49,Inf,-70.87,-61.90,-63.30,-69.00,-69.02,-51.35,Inf,-68.51,-52.72,-55.99,-71.01,-68.92,Inf,-70.22,-61.15,-55.53,-70.82,-68.76,-70.00,-65.87,-63.06,-71.07,-71.16,Inf,-65.05,-68.64,-58.58,-65.01,-65.37,-62.23}
{Inf,-85.36,-71.46,-88.18,-85.36,-94.85,-96.69,-103.00;
-85.36,Inf,-88.18,-71.46,-94.85,-85.36,-103.00,-96.69;
-71.46,-88.18,Inf,-85.36,-71.46,-88.18,-85.36,-94.85;
-88.18,-71.46,-85.36,Inf,-88.18,-71.46,-94.85,-85.36;
-85.36,-94.85,-71.46,-88.18,Inf,-85.36,-71.46,-88.18;
-94.85,-85.36,-88.18,-71.46,-85.36,Inf,-88.18,-71.46;
-96.69,-103.00,-85.36,-94.85,-71.46,-88.18,Inf,-85.36;
-103.00,-96.69,-94.85,-85.36,-88.18,-71.46,-85.36,Inf}
 KOMONDOR SIMULATION 'sim_input_nodes_sce2c_deployment_20.csv' (seed 1992)
{147.46,1.15,28.26,25.19,21.35,21.89,23.50,26.11,143.46,35.17,36.17,14.44,14.44,17.82,25.42,48.15,3.61,1.84,1.84,4.38,16.51,3.99,15.97,49.54,1.00,0.69,0.00,16.44,9.45,12.21,9.75,38.40,2.30,4.15,0.23,6.84,0.00,6.30,5.99,7.83,4.61,0.15,32.18,4.99,4.15,0.08,9.29,0.00,0.54,4.92,0.31,7.91,168.65,26.50,35.71,35.64,14.13,33.95,22.73,94.62,0.31,0.31,6.91,21.81,23.04,6.53,15.05,0.00,20.66}
{3.04,4.83,3.08,0.00,0.99,1.58,3.78,1.82}
{Inf,-68.16,-56.74,-60.37,-68.05,-68.71,-55.71,-69.33,Inf,-55.60,-54.37,-64.30,-63.88,-64.49,-60.41,Inf,-64.55,-64.91,-70.91,-68.99,-54.77,-65.17,-66.63,Inf,-69.45,-70.08,-69.85,-65.39,-66.85,-68.89,-65.77,Inf,-68.08,-64.45,-67.30,-61.34,-68.59,-66.25,-68.87,-66.04,-68.56,-70.86,Inf,-61.95,-64.55,-68.06,-66.03,-70.37,-68.56,-61.85,-70.11,-62.93,Inf,-61.47,-63.32,-54.14,-70.22,-62.07,-63.98,Inf,-68.12,-69.72,-65.54,-61.25,-64.06,-66.48,-64.09,-71.03,-62.87}
{Inf,-85.36,-71.46,-88.18,-85.36,-94.85,-96.69,-103.00;
-85.36,Inf,-88.18,-71.46,-94.85,-85.36,-103.00,-96.69;
-71.46,-88.18,Inf,-85.36,-71.46,-88.18,-85.36,-94.85;
-88.18,-71.46,-85.36,Inf,-88.18,-71.46,-94.85,-85.36;
-85.36,-94.85,-71.46,-88.18,Inf,-85.36,-71.46,-88.18;
-94.85,-85.36,-88.18,-71.46,-85.36,Inf,-88.18,-71.46;
-96.69,-103.00,-85.36,-94.85,-71.46,-88.18,Inf,-85.36;
-103.00,-96.69,-94.85,-85.36,-88.18,-71.46,-85.36,Inf}
 KOMONDOR SIMULATION 'sim_input_nodes_sce2c_deployment_21.csv' (seed 1992)
{77.72,21.43,10.52,0.00,10.29,10.60,2.38,3.15,19.35,148.92,36.40,19.89,33.10,35.02,24.50,0.00,37.25,5.22,0.77,0.00,2.53,2.15,5.76,10.98,9.83,59.37,22.12,3.30,0.08,23.19,10.68,57.83,5.68,10.52,17.82,0.38,7.30,16.13,54.99,7.53,8.22,18.59,10.21,0.77,0.38,9.29,87.17,21.58,0.15,15.36,17.13,6.30,26.65,77.49,1.38,3.61,9.45,12.21,11.21,18.59,14.59,2.30,2.53,1.61}
{1.21,3.34,0.46,3.14,1.64,2.89,5.90,1.78}
{Inf,-59.90,-70.79,-70.81,-70.68,-62.96,-68.08,-66.40,-71.03,Inf,-54.52,-68.65,-61.68,-50.40,-63.60,-71.38,Inf,-69.21,-69.92,-71.17,-70.51,-67.80,-69.63,-58.94,-68.14,Inf,-57.81,-68.43,-71.30,-56.64,-66.43,Inf,-64.77,-63.92,-57.90,-68.26,-69.95,-61.21,Inf,-65.61,-64.78,-57.47,-69.08,-71.42,-69.88,-62.09,Inf,-70.48,-70.86,-66.13,-64.79,-65.90,-66.63,Inf,-71.19,-67.01,-64.14,-69.00,-62.60,-59.97,-58.51,-68.69,-68.17,-66.27}
{Inf,-85.36,-71.46,-88.18,-85.36,-94.85,-96.69,-103.00;
-85.36,Inf,-88.18,-71.46,-94.85,-85.36,-103.00,-96.69;
-71.46,-88.18,Inf,-85.36,-71.46,-88.18,-85.36,-94.85;
-88.18,-71.46,-85.36,Inf,-88.18,-71.46,-94.85,-85.36;
-85.36,-94.85,-71.46,-88.18,Inf,-85.36,-71.46,-88.18;
-94.85,-85.36,-88.18,-71.46,-85.36,Inf,-88.18,-71.46;
-96.69,-103.00,-85.36,-94.85,-71.46,-88.18,Inf,-85.36;
-103.00,-96.69,-94.85,-85.36,-88.18,-71.46,-85.36,Inf}
 KOMONDOR SIMULATION 'sim_input_nodes_sce2c_deployment_22.csv' (seed 1992)
{81.79,20.20,2.46,3.61,0.38,18.82,0.23,16.28,18.05,1.77,92.16,18.97,3.76,22.04,0.00,22.27,4.84,19.74,0.54,69.89,15.59,18.97,5.76,13.75,15.82,28.72,9.83,0.08,3.53,1.00,1.46,12.83,35.79,1.77,1.15,7.30,1.46,12.13,11.44,0.54,48.92,4.30,1.00,7.99,0.15,8.91,5.07,10.91,0.31,10.29,80.10,13.21,18.89,0.08,1.77,11.06,3.92,17.28,0.77,13.13,94.39,20.43,18.97,30.80,11.14,0.15,12.90}
{1.40,1.08,3.15,0.00,0.24,1.88,2.67,1.10}
{Inf,-60.81,-68.44,-69.73,-71.19,-57.67,-71.25,-68.46,-64.34,-69.43,Inf,-62.32,-65.94,-54.52,-70.24,-63.24,-67.38,-65.67,-69.67,Inf,-68.99,-63.77,-66.97,-62.99,-62.31,Inf,-67.21,-71.22,-68.75,-70.81,-68.18,-66.60,Inf,-70.86,-70.79,-66.58,-68.24,-62.16,-69.99,-68.68,Inf,-65.31,-71.08,-63.70,-69.36,-67.28,-70.05,-59.28,-67.98,-63.15,Inf,-67.16,-63.40,-69.67,-68.85,-61.62,-68.34,-58.14,-70.08,-69.08,Inf,-61.27,-64.91,-56.79,-70.67,-70.27,-69.15}
{Inf,-85.36,-71.46,-88.18,-85.36,-94.85,-96.69,-103.00;
-85.36,Inf,-88.18,-71.46,-94.85,-85.36,-103.00,-96.69;
-71.46,-88.18,Inf,-85.36,-71.46,-88.18,-85.36,-94.85;
-88.18,-71.46,-85.36,Inf,-88.18,-71.46,-94.85,-85.36;
-85.36,-94.85,-71.46,-88.18,Inf,-85.36,-71.46,-88.18;
-94.85,-85.36,-88.18,-71.46,-85.36,Inf,-88.18,-71.46;
-96.69,-103.00,-85.36,-94.85,-71.46,-88.18,Inf,-85.36;
-103.00,-96.69,-94.85,-85.36,-88.18,-71.46,-85.36,Inf}
 KOMONDOR SIMULATION 'sim_input_nodes_sce2c_deployment_23.csv' (seed 1992)
{132.10,21.43,21.27,2.23,17.36,21.20,17.82,14.98,0.08,15.74,100.84,23.50,2.69,22.66,7.22,23.35,21.43,53.15,6.76,7.22,0.61,0.08,7.99,0.61,7.30,7.53,10.14,4.92,72.42,14.90,1.31,4.53,14.75,11.75,15.51,9.68,75.57,3.99,0.00,12.83,12.98,13.13,6.30,17.97,8.37,25.80,1.84,2.00,1.08,16.28,4.61,122.50,0.92,25.57,34.10,27.03,28.95,5.91,105.52,28.11,23.04,12.83,34.02,0.31,7.22}
{0.85,0.41,0.70,2.20,3.22,1.82,2.29,0.36}
{Inf,-64.32,-64.95,-70.11,-66.06,-69.51,-59.00,-63.07,-70.48,-65.35,Inf,-70.15,-69.29,-64.09,-66.68,-64.50,-68.41,Inf,-69.14,-67.46,-71.36,-70.61,-61.38,-67.52,-68.07,-58.94,-62.55,-64.86,Inf,-59.49,-67.77,-70.53,-60.67,-69.04,-56.81,-69.27,Inf,-66.12,-71.07,-59.80,-59.97,-70.70,-68.28,-55.24,-68.95,Inf,-67.11,-68.58,-67.14,-59.28,-70.01,Inf,-69.07,-62.51,-66.39,-64.71,-56.02,-69.92,Inf,-60.94,-65.11,-70.76,-63.50,-68.96,-71.02}
{Inf,-85.36,-71.46,-88.18,-85.36,-94.85,-96.69,-103.00;
-85.36,Inf,-88.18,-71.46,-94.85,-85.36,-103.00,-96.69;
-71.46,-88.18,Inf,-85.36,-71.46,-88.18,-85.36,-94.85;
-88.18,-71.46,-85.36,Inf,-88.18,-71.46,-94.85,-85.36;
-85.36,-94.85,-71.46,-88.18,Inf,-85.36,-71.46,-88.18;
-94.85,-85.36,-88.18,-71.46,-85.36,Inf,-88.18,-71.46;
-96.69,-103.00,-85.36,-94.85,-71.46,-88.18,Inf,-85.36;
-103.00,-96.69,-94.85,-85.36,-88.18,-71.46,-85.36,Inf}
 KOMONDOR SIMULATION 'sim_input_nodes_sce2c_deployment_24.csv' (seed 1992)
{119.12,28.57,19.43,0.31,15.82,28.26,26.73,113.13,21.81,11.98,0.61,13.98,0.92,16.74,12.83,21.81,12.44,61.75,21.43,5.22,22.58,1.77,10.75,37.25,14.82,5.22,4.38,0.15,12.67,43.32,1.08,1.08,0.38,11.75,11.21,8.60,7.99,0.38,0.84,83.87,16.28,12.90,19.43,8.83,9.75,16.67,66.20,9.22,6.84,6.53,9.29,3.53,2.61,16.05,0.23,1.69,10.21,140.54,24.42,5.61,31.18,38.55,40.78}
{1.50,-9.38,2.39,1.14,0.49,3.62,2.06,0.85}
{Inf,-57.62,-69.49,-71.03,-64.41,-60.41,-62.09,Inf,-56.56,-66.10,-67.02,-61.43,-67.31,-65.32,-68.05,-55.89,-66.21,Inf,-65.80,-65.18,-56.32,-66.78,-69.51,Inf,-64.40,-69.03,-65.41,-69.57,-70.24,Inf,-68.09,-66.49,-70.30,-60.09,-59.48,-63.43,-67.69,-67.96,-70.96,Inf,-57.20,-67.68,-58.01,-63.97,-66.20,-59.24,Inf,-69.44,-71.17,-64.08,-70.14,-65.93,-66.86,-61.35,-71.14,-67.25,-67.75,Inf,-65.22,-66.77,-63.11,-66.63,-69.25}
{Inf,-85.36,-71.46,-88.18,-85.36,-94.85,-96.69,-103.00;
-85.36,Inf,-88.18,-71.46,-94.85,-85.36,-103.00,-96.69;
-71.46,-88.18,Inf,-85.36,-71.46,-88.18,-85.36,-94.85;
-88.18,-71.46,-85.36,Inf,-88.18,-71.46,-94.85,-85.36;
-85.36,-94.85,-71.46,-88.18,Inf,-85.36,-71.46,-88.18;
-94.85,-85.36,-88.18,-71.46,-85.36,Inf,-88.18,-71.46;
-96.69,-103.00,-85.36,-94.85,-71.46,-88.18,Inf,-85.36;
-103.00,-96.69,-94.85,-85.36,-88.18,-71.46,-85.36,Inf}
 KOMONDOR SIMULATION 'sim_input_nodes_sce2c_deployment_25.csv' (seed 1992)
{128.03,0.54,26.96,23.35,24.35,24.88,27.96,93.85,13.29,20.04,6.14,12.83,2.53,19.12,0.23,1.77,17.89,61.98,9.75,17.43,9.83,6.84,5.45,12.67,48.84,12.21,0.77,9.29,5.76,12.83,7.99,67.81,17.28,0.92,0.92,15.97,13.36,7.68,11.67,88.40,10.75,13.13,9.22,9.68,7.83,18.43,19.35,111.13,3.07,12.75,24.35,15.97,11.06,0.77,21.35,21.27,0.54,153.60,25.04,12.52,20.66,18.66,2.92,25.19,23.04,2.15,23.42}
{0.00,-16.74,0.14,2.12,1.95,5.07,3.46,3.47}
{Inf,-68.52,-68.39,-67.35,-69.91,-68.42,-67.31,Inf,-70.04,-56.08,-66.30,-67.49,-69.33,-64.55,-70.24,-66.34,-61.04,Inf,-71.11,-64.05,-70.24,-69.54,-70.70,-69.27,Inf,-62.19,-67.57,-69.71,-70.30,-67.48,-64.50,Inf,-54.84,-66.47,-70.02,-59.44,-58.54,-68.73,-63.34,Inf,-64.76,-58.99,-65.44,-60.86,-70.89,-57.80,-56.06,Inf,-67.94,-64.81,-57.85,-59.38,-71.23,-68.39,-59.46,-69.34,-70.69,Inf,-48.50,-63.53,-62.05,-64.86,-68.41,-52.85,-62.11,-69.51,-65.07}
{Inf,-85.36,-71.46,-88.18,-85.36,-94.85,-96.69,-103.00;
-85.36,Inf,-88.18,-71.46,-94.85,-85.36,-103.00,-96.69;
-71.46,-88.18,Inf,-85.36,-71.46,-88.18,-85.36,-94.85;
-88.18,-71.46,-85.36,Inf,-88.18,-71.46,-94.85,-85.36;
-85.36,-94.85,-71.46,-88.18,Inf,-85.36,-71.46,-88.18;
-94.85,-85.36,-88.18,-71.46,-85.36,Inf,-88.18,-71.46;
-96.69,-103.00,-85.36,-94.85,-71.46,-88.18,Inf,-85.36;
-103.00,-96.69,-94.85,-85.36,-88.18,-71.46,-85.36,Inf}
 KOMONDOR SIMULATION 'sim_input_nodes_sce2c_deployment_26.csv' (seed 1992)
{80.10,1.54,8.68,10.83,13.59,14.28,15.36,2.23,13.59,99.07,19.58,2.07,2.53,0.38,16.51,15.36,19.89,1.00,21.73,43.62,11.37,10.98,3.76,1.38,10.14,5.07,0.92,64.05,2.53,3.84,6.30,8.14,0.00,8.06,8.37,12.90,6.53,7.37,62.44,7.60,12.52,11.29,17.13,0.08,13.82,55.83,9.45,8.06,11.52,10.75,3.00,0.69,1.38,4.38,0.08,6.53,98.15,17.89,11.90,1.15,15.90,0.00,1.61,19.35,15.36,0.15,14.82,137.40,3.84,27.88,31.41,14.90,28.95,30.41}
{0.00,0.40,6.35,3.43,2.63,1.14,1.55,2.80}
{Inf,-69.96,-67.58,-64.72,-69.14,-62.79,-68.69,-68.33,-68.87,Inf,-68.97,-67.23,-66.38,-69.88,-68.02,-65.19,-66.07,-69.47,-49.99,Inf,-62.72,-60.51,-65.75,-66.10,-69.62,-71.34,-69.65,Inf,-69.58,-71.09,-71.07,-62.45,-70.68,-57.79,-65.47,-56.55,-63.31,-69.41,Inf,-62.86,-67.51,-64.11,-56.10,-70.14,-59.03,Inf,-54.94,-59.95,-65.65,-63.28,-65.74,-69.61,-66.70,-65.16,-69.17,-67.27,Inf,-62.74,-66.17,-67.20,-63.50,-70.57,-70.03,-56.26,-69.57,-70.33,-67.95,Inf,-67.89,-64.64,-68.26,-70.21,-67.77,-56.09}
{Inf,-85.36,-71.46,-88.18,-85.36,-94.85,-96.69,-103.00;
-85.36,Inf,-88.18,-71.46,-94.85,-85.36,-103.00,-96.69;
-71.46,-88.18,Inf,-85.36,-71.46,-88.18,-85.36,-94.85;
-88.18,-71.46,-85.36,Inf,-88.18,-71.46,-94.85,-85.36;
-85.36,-94.85,-71.46,-88.18,Inf,-85.36,-71.46,-88.18;
-94.85,-85.36,-88.18,-71.46,-85.36,Inf,-88.18,-71.46;
-96.69,-103.00,-85.36,-94.85,-71.46,-88.18,Inf,-85.36;
-103.00,-96.69,-94.85,-85.36,-88.18,-71.46,-85.36,Inf}
 KOMONDOR SIMULATION 'sim_input_nodes_sce2c_deployment_27.csv' (seed 1992)
{166.96,13.98,24.04,30.80,25.65,27.57,26.88,18.05,149.84,26.11,2.00,21.27,28.34,29.49,25.04,17.59,50.76,23.27,2.38,21.81,2.38,0.92,79.26,25.50,0.31,27.03,13.44,12.98,58.44,12.98,11.14,0.00,15.74,11.14,7.45,56.37,0.54,11.75,0.15,8.37,0.00,11.52,11.21,0.15,12.67,119.12,24.88,2.92,29.72,33.10,28.49,111.74,17.36,16.74,0.31,18.36,3.38,0.92,10.75,16.36,7.76,19.81}
{1.34,2.37,2.25,3.80,1.08,1.15,1.58,2.18}
{Inf,-71.33,-61.86,-58.99,-63.22,-60.38,-68.54,-64.34,Inf,-55.72,-70.50,-61.14,-64.54,-64.44,-70.50,-68.24,Inf,-58.23,-69.20,-63.21,-69.59,-67.96,Inf,-61.90,-67.93,-55.39,-63.01,-68.09,Inf,-63.20,-64.71,-71.41,-64.92,-66.05,-69.59,Inf,-70.10,-66.84,-70.00,-62.16,-70.20,-68.48,-60.10,-69.33,-57.69,Inf,-71.33,-70.94,-61.10,-65.99,-70.87,Inf,-69.36,-68.10,-67.89,-64.10,-68.96,-68.77,-69.59,-61.78,-71.33,-53.06}
{Inf,-85.36,-71.46,-88.18,-85.36,-94.85,-96.69,-103.00;
-85.36,Inf,-88.18,-71.46,-94.85,-85.36,-103.00,-96.69;
-71.46,-88.18,Inf,-85.36,-71.46,-88.18,-85.36,-94.85;
-88.18,-71.46,-85.36,Inf,-88.18,-71.46,-94.85,-85.36;
-85.36,-94.85,-71.46,-88.18,Inf,-85.36,-71.46,-88.18;
-94.85,-85.36,-88.18,-71.46,-85.36,Inf,-88.18,-71.46;
-96.69,-103.00,-85.36,-94.85,-71.46,-88.18,Inf,-85.36;
-103.00,-96.69,-94.85,-85.36,-88.18,-71.46,-85.36,Inf}
 KOMONDOR SIMULATION 'sim_input_nodes_sce2c_deployment_28.csv' (seed 1992)
{89.09,0.08,10.98,17.28,1.92,15.74,4.92,11.21,12.29,14.52,0.15,153.37,19.05,21.27,0.08,21.20,13.90,8.14,20.35,17.13,14.98,17.28,49.15,12.75,3.53,0.38,4.07,7.30,10.29,1.15,9.68,85.79,0.84,15.21,14.44,13.13,14.13,15.13,0.31,12.60,76.19,9.22,11.06,11.90,17.20,10.91,0.46,15.44,63.59,16.36,1.77,15.59,16.05,12.29,1.54,134.71,15.44,24.73,15.82,9.52,27.03,21.58,6.91,13.67,161.97,42.93,5.91,41.16,33.64,38.32}
{1.03,2.14,0.76,3.72,1.53,1.11,2.31,7.82}
{Inf,-70.80,-66.62,-59.42,-65.92,-65.34,-71.39,-66.35,-63.25,-68.95,-70.86,Inf,-63.20,-53.66,-71.43,-64.09,-68.25,-70.32,-58.26,-63.36,-64.35,-67.36,Inf,-56.23,-70.72,-69.54,-66.04,-68.67,-65.33,-67.64,-65.06,Inf,-68.38,-61.68,-54.08,-66.85,-61.49,-50.48,-71.39,-62.92,Inf,-69.25,-68.19,-65.19,-60.61,-68.28,-67.65,-55.73,Inf,-65.53,-70.75,-61.31,-67.40,-64.16,-69.47,Inf,-70.93,-62.33,-68.04,-65.58,-60.96,-59.42,-65.70,-66.34,Inf,-51.79,-68.14,-65.68,-60.47,-58.12}
{Inf,-85.36,-71.46,-88.18,-85.36,-94.85,-96.69,-103.00;
-85.36,Inf,-88.18,-71.46,-94.85,-85.36,-103.00,-96.69;
-71.46,-88.18,Inf,-85.36,-71.46,-88.18,-85.36,-94.85;
-88.18,-71.46,-85.36,Inf,-88.18,-71.46,-94.85,-85.36;
-85.36,-94.85,-71.46,-88.18,Inf,-85.36,-71.46,-88.18;
-94.85,-85.36,-88.18,-71.46,-85.36,Inf,-88.18,-71.46;
-96.69,-103.00,-85.36,-94.85,-71.46,-88.18,Inf,-85.36;
-103.00,-96.69,-94.85,-85.36,-88.18,-71.46,-85.36,Inf}
 KOMONDOR SIMULATION 'sim_input_nodes_sce2c_deployment_29.csv' (seed 1992)
{105.60,21.66,12.90,32.56,17.51,7.14,13.82,139.47,11.83,12.67,16.82,15.44,17.13,1.69,17.51,8.76,19.58,18.05,36.63,8.14,0.23,11.67,5.45,10.68,0.15,0.23,0.08,92.31,11.60,16.59,10.83,20.35,13.36,19.58,73.88,10.75,16.59,10.91,17.59,18.05,30.87,1.08,3.15,9.91,16.28,0.46,113.51,2.53,8.76,3.30,13.13,15.59,17.66,0.15,19.58,17.59,15.21,73.88,0.77,2.46,4.22,16.28,16.67,0.00,21.20,12.29}
{0.99,-9.02,2.43,4.29,0.61,0.00,1.33,0.00}
{Inf,-66.17,-67.44,-55.78,-66.92,-71.38,-65.28,Inf,-66.57,-63.45,-67.34,-68.39,-52.62,-71.43,-69.71,-70.89,-62.18,-54.99,Inf,-66.21,-69.29,-61.85,-67.59,-59.32,-71.44,-71.31,-71.05,Inf,-70.19,-61.72,-64.92,-60.84,-66.12,-67.20,Inf,-68.49,-59.57,-69.46,-67.34,-66.27,Inf,-68.79,-67.87,-66.87,-66.69,-69.03,Inf,-66.79,-65.58,-67.63,-70.95,-61.94,-61.23,-70.25,-49.93,-68.12,-66.35,Inf,-71.18,-66.84,-69.80,-68.51,-65.75,-70.30,-67.90,-69.50}
{Inf,-85.36,-71.46,-88.18,-85.36,-94.85,-96.69,-103.00;
-85.36,Inf,-88.18,-71.46,-94.85,-85.36,-103.00,-96.69;
-71.46,-88.18,Inf,-85.36,-71.46,-88.18,-85.36,-94.85;
-88.18,-71.46,-85.36,Inf,-88.18,-71.46,-94.85,-85.36;
-85.36,-94.85,-71.46,-88.18,Inf,-85.36,-71.46,-88.18;
-94.85,-85.36,-88.18,-71.46,-85.36,Inf,-88.18,-71.46;
-96.69,-103.00,-85.36,-94.85,-71.46,-88.18,Inf,-85.36;
-103.00,-96.69,-94.85,-85.36,-88.18,-71.46,-85.36,Inf}
 KOMONDOR SIMULATION 'sim_input_nodes_sce2c_deployment_30.csv' (seed 1992)
{93.16,10.29,14.13,12.21,15.28,6.76,1.00,16.13,0.54,3.15,13.67,116.58,1.00,15.05,37.09,34.41,29.03,74.65,16.13,11.83,12.29,14.36,20.04,75.34,15.44,5.53,9.91,17.66,8.60,1.31,16.90,44.77,0.92,14.44,8.06,9.83,11.52,38.86,17.97,0.31,14.82,2.92,2.61,0.23,84.48,10.83,10.75,7.30,6.84,17.43,4.99,0.61,9.52,10.44,5.76,172.03,24.81,23.12,21.20,15.51,15.90,26.73,23.42,21.35}
{0.86,0.73,1.32,2.79,0.00,1.95,1.89,9.39}
{Inf,-69.76,-64.54,-70.85,-69.71,-67.04,-68.56,-60.95,-70.47,-67.24,-67.49,Inf,-71.32,-69.44,-60.30,-63.01,-67.03,Inf,-62.47,-68.78,-69.64,-69.59,-50.75,Inf,-64.56,-69.85,-67.20,-46.79,-64.63,-67.29,-56.09,Inf,-70.46,-65.09,-69.14,-67.60,-70.20,Inf,-64.90,-69.64,-67.53,-65.93,-68.23,-69.84,Inf,-65.85,-68.20,-71.15,-67.97,-55.07,-71.15,-71.10,-68.93,-67.23,-70.78,Inf,-60.36,-58.13,-63.74,-68.31,-69.42,-59.44,-58.68,-60.10}
{Inf,-85.36,-71.46,-88.18,-85.36,-94.85,-96.69,-103.00;
-85.36,Inf,-88.18,-71.46,-94.85,-85.36,-103.00,-96.69;
-71.46,-88.18,Inf,-85.36,-71.46,-88.18,-85.36,-94.85;
-88.18,-71.46,-85.36,Inf,-88.18,-71.46,-94.85,-85.36;
-85.36,-94.85,-71.46,-88.18,Inf,-85.36,-71.46,-88.18;
-94.85,-85.36,-88.18,-71.46,-85.36,Inf,-88.18,-71.46;
-96.69,-103.00,-85.36,-94.85,-71.46,-88.18,Inf,-85.36;
-103.00,-96.69,-94.85,-85.36,-88.18,-71.46,-85.36,Inf}
 KOMONDOR SIMULATION 'sim_input_nodes_sce2c_deployment_31.csv' (seed 1992)
{94.08,0.61,9.98,1.77,20.20,18.82,11.67,5.91,19.20,5.91,174.49,39.71,20.35,31.03,42.85,40.55,52.15,15.28,0.00,11.21,10.14,14.67,0.84,54.99,13.67,6.68,10.83,2.76,11.75,9.29,49.15,4.53,11.06,2.84,0.00,0.31,7.68,8.37,8.91,3.00,2.46,71.73,7.76,11.83,6.37,13.82,3.00,11.52,0.08,2.23,15.13,86.48,10.52,8.06,16.82,0.15,22.35,0.23,28.34,93.77,34.25,31.80,0.00,1.00,26.73}
{1.89,6.60,1.01,2.46,0.55,4.03,2.28,2.18}
{Inf,-69.35,-67.12,-71.30,-55.63,-59.19,-70.59,-69.04,-64.49,-71.31,Inf,-59.46,-70.80,-60.67,-56.03,-63.62,Inf,-57.08,-70.99,-66.92,-70.40,-58.56,-69.55,Inf,-60.94,-64.95,-69.04,-66.78,-63.82,-63.68,Inf,-69.31,-60.70,-70.03,-70.42,-67.89,-65.10,-62.39,-68.57,-71.30,-65.67,Inf,-61.56,-65.62,-63.06,-53.78,-65.37,-62.40,-70.63,-67.72,-50.49,Inf,-64.56,-70.98,-61.80,-70.88,-67.33,-70.29,-53.77,Inf,-62.56,-62.43,-71.27,-70.49,-62.71}
{Inf,-85.36,-71.46,-88.18,-85.36,-94.85,-96.69,-103.00;
-85.36,Inf,-88.18,-71.46,-94.85,-85.36,-103.00,-96.69;
-71.46,-88.18,Inf,-85.36,-71.46,-88.18,-85.36,-94.85;
-88.18,-71.46,-85.36,Inf,-88.18,-71.46,-94.85,-85.36;
-85.36,-94.85,-71.46,-88.18,Inf,-85.36,-71.46,-88.18;
-94.85,-85.36,-88.18,-71.46,-85.36,Inf,-88.18,-71.46;
-96.69,-103.00,-85.36,-94.85,-71.46,-88.18,Inf,-85.36;
-103.00,-96.69,-94.85,-85.36,-88.18,-71.46,-85.36,Inf}
 KOMONDOR SIMULATION 'sim_input_nodes_sce2c_deployment_32.csv' (seed 1992)
{127.72,0.38,33.79,28.95,27.11,36.25,1.23,56.45,1.23,0.23,3.00,20.74,13.98,14.98,2.30,60.75,3.76,10.75,5.30,0.46,11.21,8.52,4.38,0.23,6.07,10.06,50.23,13.21,1.46,12.06,1.61,8.06,13.52,0.31,87.48,12.60,12.13,16.51,23.96,22.27,31.41,0.69,1.69,17.36,0.38,11.29,155.60,23.04,2.23,19.74,23.35,17.51,16.51,11.52,20.28,21.43,115.66,10.75,4.61,33.95,16.97,23.65,25.73}
{5.16,-17.19,0.90,3.92,7.16,0.49,0.50,4.10}
{Inf,-70.01,-55.27,-61.15,-65.85,-54.10,-67.27,Inf,-66.51,-71.09,-66.46,-63.90,-70.66,-66.87,-67.66,Inf,-66.74,-56.12,-70.86,-68.41,-63.20,-61.56,-68.28,-67.95,-66.54,-64.00,Inf,-56.60,-69.62,-61.78,-66.28,-61.03,-58.52,-68.73,Inf,-62.28,-64.40,-61.89,-54.86,-55.87,Inf,-69.83,-69.15,-67.99,-70.73,-63.75,Inf,-61.34,-67.92,-63.16,-64.62,-69.36,-69.48,-70.13,-69.71,-68.61,Inf,-69.06,-65.90,-59.01,-62.85,-69.13,-60.73}
{Inf,-85.36,-71.46,-88.18,-85.36,-94.85,-96.69,-103.00;
-85.36,Inf,-88.18,-71.46,-94.85,-85.36,-103.00,-96.69;
-71.46,-88.18,Inf,-85.36,-71.46,-88.18,-85.36,-94.85;
-88.18,-71.46,-85.36,Inf,-88.18,-71.46,-94.85,-85.36;
-85.36,-94.85,-71.46,-88.18,Inf,-85.36,-71.46,-88.18;
-94.85,-85.36,-88.18,-71.46,-85.36,Inf,-88.18,-71.46;
-96.69,-103.00,-85.36,-94.85,-71.46,-88.18,Inf,-85.36;
-103.00,-96.69,-94.85,-85.36,-88.18,-71.46,-85.36,Inf}
 KOMONDOR SIMULATION 'sim_input_nodes_sce2c_deployment_33.csv' (seed 1992)
{135.94,34.56,23.50,16.51,13.21,34.02,14.13,118.04,21.89,18.28,27.49,20.58,11.67,16.44,1.69,63.44,1.08,0.08,13.67,11.21,2.46,11.44,7.68,5.76,2.69,7.37,47.54,11.67,5.30,6.14,0.08,2.15,12.06,3.92,6.22,16.20,2.38,0.00,1.54,9.29,3.00,20.28,16.82,0.08,1.08,0.00,2.30,78.26,15.05,0.31,15.28,19.74,3.76,3.07,21.04,132.40,23.96,31.56,30.03,13.67,33.18}
{3.29,-8.98,1.43,2.62,0.00,-0.00,1.82,2.13}
{Inf,-57.16,-60.70,-64.90,-67.95,-54.45,-65.01,Inf,-66.83,-60.17,-58.58,-67.51,-66.90,-62.64,-69.13,Inf,-67.10,-71.01,-62.33,-69.89,-71.34,-54.77,-68.94,-64.22,-65.56,-61.87,Inf,-60.79,-68.16,-63.21,-70.18,-65.05,-58.23,-71.37,-68.52,Inf,-69.64,-71.30,-66.71,-66.40,-68.40,Inf,-67.64,-71.01,-67.75,-71.08,-70.96,Inf,-70.87,-70.06,-65.25,-69.55,-70.76,-68.47,-59.77,Inf,-70.25,-60.53,-69.22,-66.26,-57.72}
{Inf,-85.36,-71.46,-88.18,-85.36,-94.85,-96.69,-103.00;
-85.36,Inf,-88.18,-71.46,-94.85,-85.36,-103.00,-96.69;
-71.46,-88.18,Inf,-85.36,-71.46,-88.18,-85.36,-94.85;
-88.18,-71.46,-85.36,Inf,-88.18,-71.46,-94.85,-85.36;
-85.36,-94.85,-71.46,-88.18,Inf,-85.36,-71.46,-88.18;
-94.85,-85.36,-88.18,-71.46,-85.36,Inf,-88.18,-71.46;
-96.69,-103.00,-85.36,-94.85,-71.46,-88.18,Inf,-85.36;
-103.00,-96.69,-94.85,-85.36,-88.18,-71.46,-85.36,Inf}
 KOMONDOR SIMULATION 'sim_input_nodes_sce2c_deployment_34.csv' (seed 1992)
{129.41,10.60,23.88,2.00,16.44,0.54,16.28,22.12,23.58,13.98,88.09,0.00,25.80,0.77,19.35,17.43,24.73,68.51,12.29,25.04,8.99,7.07,15.13,98.61,26.19,11.21,22.96,26.73,11.52,55.91,4.99,20.04,22.50,8.22,0.15,46.69,0.23,0.92,6.60,11.06,13.82,0.08,13.98,0.00,126.95,24.35,3.30,38.78,29.18,31.33,149.38,23.35,22.96,8.45,27.11,13.36,12.90,22.35,0.61,18.28}
{1.71,1.99,3.10,4.57,1.82,1.43,2.54,2.43}
{Inf,-71.15,-49.57,-67.73,-63.23,-71.33,-65.27,-60.56,-58.31,-68.03,Inf,-71.40,-66.25,-69.20,-63.70,-64.39,-61.54,Inf,-69.37,-54.94,-63.74,-66.06,-62.89,Inf,-57.81,-67.95,-62.19,-62.60,-64.09,Inf,-66.30,-59.91,-61.04,-68.34,-70.21,Inf,-69.13,-69.25,-67.21,-62.05,-56.07,-71.19,-63.69,-70.67,Inf,-66.70,-68.06,-52.41,-59.98,-68.97,Inf,-61.76,-57.82,-65.17,-58.61,-70.62,-69.64,-48.98,-68.69,-69.39}
{Inf,-85.36,-71.46,-88.18,-85.36,-94.85,-96.69,-103.00;
-85.36,Inf,-88.18,-71.46,-94.85,-85.36,-103.00,-96.69;
-71.46,-88.18,Inf,-85.36,-71.46,-88.18,-85.36,-94.85;
-88.18,-71.46,-85.36,Inf,-88.18,-71.46,-94.85,-85.36;
-85.36,-94.85,-71.46,-88.18,Inf,-85.36,-71.46,-88.18;
-94.85,-85.36,-88.18,-71.46,-85.36,Inf,-88.18,-71.46;
-96.69,-103.00,-85.36,-94.85,-71.46,-88.18,Inf,-85.36;
-103.00,-96.69,-94.85,-85.36,-88.18,-71.46,-85.36,Inf}
 KOMONDOR SIMULATION 'sim_input_nodes_sce2c_deployment_35.csv' (seed 1992)
{162.74,24.58,13.21,20.97,22.43,22.27,24.96,16.28,18.05,53.91,0.61,37.40,1.00,2.15,12.75,46.23,1.15,0.00,9.45,7.53,9.14,13.21,0.00,5.76,63.13,12.36,19.28,6.84,15.36,9.29,35.25,15.36,0.00,0.15,18.97,0.00,0.77,59.37,13.06,9.45,5.38,8.37,11.98,0.00,2.00,9.14,92.54,9.75,3.23,17.82,20.20,2.23,1.31,1.54,1.46,17.82,17.20,141.00,20.81,23.73,26.96,18.28,22.89,25.27,3.07}
{1.56,1.56,1.64,1.34,0.66,2.36,0.27,0.85}
{Inf,-68.67,-63.23,-69.60,-63.55,-55.80,-63.50,-65.61,-67.92,Inf,-70.72,-56.13,-70.43,-69.26,-65.77,Inf,-66.33,-69.99,-62.39,-68.69,-69.90,-58.87,-70.95,-65.14,Inf,-63.91,-60.57,-69.53,-65.38,-68.40,Inf,-67.27,-70.38,-71.35,-55.14,-70.16,-68.04,Inf,-55.52,-61.72,-70.28,-61.45,-66.78,-71.37,-69.61,-68.63,Inf,-66.23,-66.89,-58.58,-58.41,-67.93,-69.53,-67.79,-69.82,-62.16,-66.88,Inf,-63.05,-65.67,-63.33,-70.11,-64.31,-67.55,-67.27}
{Inf,-85.36,-71.46,-88.18,-85.36,-94.85,-96.69,-103.00;
-85.36,Inf,-88.18,-71.46,-94.85,-85.36,-103.00,-96.69;
-71.46,-88.18,Inf,-85.36,-71.46,-88.18,-85.36,-94.85;
-88.18,-71.46,-85.36,Inf,-88.18,-71.46,-94.85,-85.36;
-85.36,-94.85,-71.46,-88.18,Inf,-85.36,-71.46,-88.18;
-94.85,-85.36,-88.18,-71.46,-85.36,Inf,-88.18,-71.46;
-96.69,-103.00,-85.36,-94.85,-71.46,-88.18,Inf,-85.36;
-103.00,-96.69,-94.85,-85.36,-88.18,-71.46,-85.36,Inf}
 KOMONDOR SIMULATION 'sim_input_nodes_sce2c_deployment_36.csv' (seed 1992)
{112.36,10.21,11.67,13.75,17.36,15.67,17.36,2.69,10.75,0.00,12.90,77.03,16.74,0.23,3.99,1.46,17.51,0.31,18.59,18.20,43.78,0.00,1.77,6.68,5.53,0.23,12.52,17.05,13.44,6.91,1.69,1.23,0.61,3.00,39.48,0.00,13.06,7.99,1.00,0.46,1.69,0.69,14.59,45.31,9.75,5.61,3.23,0.00,6.68,0.61,7.99,0.92,1.46,9.06,140.16,16.59,19.66,21.27,13.21,2.84,8.76,0.77,18.89,19.81,18.36,122.65,18.97,14.13,17.13,17.13,18.82,0.69,17.66,16.36,1.77}
{2.13,2.13,1.64,0.00,1.25,0.49,2.04,3.20}
{Inf,-66.91,-68.28,-62.24,-57.32,-59.75,-59.94,-68.90,-64.95,-70.34,-69.38,Inf,-68.88,-71.43,-66.45,-70.64,-68.51,-71.30,-57.08,-61.77,Inf,-70.72,-69.13,-67.74,-65.15,-69.30,-61.88,-60.44,Inf,-67.27,-68.85,-69.95,-70.37,-66.66,Inf,-70.73,-57.08,-71.00,-69.43,-69.68,-66.19,-69.81,-54.00,Inf,-69.30,-67.43,-65.89,-71.43,-64.23,-69.43,-61.75,-70.37,-66.04,-71.24,Inf,-62.43,-58.22,-65.49,-63.87,-66.91,-68.17,-69.96,-64.41,-62.48,-57.22,Inf,-67.93,-59.43,-58.14,-68.44,-62.96,-70.63,-64.50,-68.42,-70.86}
{Inf,-85.36,-71.46,-88.18,-85.36,-94.85,-96.69,-103.00;
-85.36,Inf,-88.18,-71.46,-94.85,-85.36,-103.00,-96.69;
-71.46,-88.18,Inf,-85.36,-71.46,-88.18,-85.36,-94.85;
-88.18,-71.46,-85.36,Inf,-88.18,-71.46,-94.85,-85.36;
-85.36,-94.85,-71.46,-88.18,Inf,-85.36,-71.46,-88.18;
-94.85,-85.36,-88.18,-71.46,-85.36,Inf,-88.18,-71.46;
-96.69,-103.00,-85.36,-94.85,-71.46,-88.18,Inf,-85.36;
-103.00,-96.69,-94.85,-85.36,-88.18,-71.46,-85.36,Inf}
 KOMONDOR SIMULATION 'sim_input_nodes_sce2c_deployment_37.csv' (seed 1992)
{139.47,21.66,22.89,7.22,23.96,22.35,18.43,20.89,2.07,55.45,20.66,2.61,0.00,3.92,0.08,3.84,24.35,42.55,4.30,6.99,1.00,5.15,19.74,5.38,70.58,3.07,12.36,14.82,14.28,10.68,15.36,68.12,11.14,8.22,10.14,6.91,10.75,0.84,8.22,11.90,55.30,1.23,10.14,10.06,10.91,8.83,6.45,4.92,1.69,0.08,1.00,112.59,16.13,0.00,1.38,15.59,19.74,13.36,15.97,14.90,15.51,148.22,29.64,28.42,0.08,29.26,3.15,26.96,30.72}
{1.73,-0.00,0.60,1.70,0.98,1.59,1.82,4.87}
{Inf,-56.65,-67.76,-70.85,-55.34,-67.25,-70.26,-66.31,-69.87,Inf,-64.47,-68.99,-71.19,-67.33,-71.29,-67.81,-67.92,Inf,-69.53,-70.64,-69.75,-65.02,-51.17,-66.67,Inf,-65.97,-65.23,-70.83,-60.54,-64.81,-69.02,Inf,-62.89,-69.57,-71.39,-70.32,-66.97,-70.80,-68.02,-55.36,Inf,-71.45,-58.25,-61.54,-54.49,-68.58,-62.30,-70.90,-67.61,-70.27,-66.39,Inf,-63.96,-71.10,-70.69,-62.01,-62.11,-71.01,-65.99,-69.06,-68.22,Inf,-61.81,-69.26,-71.45,-58.15,-66.60,-59.04,-55.63}
{Inf,-85.36,-71.46,-88.18,-85.36,-94.85,-96.69,-103.00;
-85.36,Inf,-88.18,-71.46,-94.85,-85.36,-103.00,-96.69;
-71.46,-88.18,Inf,-85.36,-71.46,-88.18,-85.36,-94.85;
-88.18,-71.46,-85.36,Inf,-88.18,-71.46,-94.85,-85.36;
-85.36,-94.85,-71.46,-88.18,Inf,-85.36,-71.46,-88.18;
-94.85,-85.36,-88.18,-71.46,-85.36,Inf,-88.18,-71.46;
-96.69,-103.00,-85.36,-94.85,-71.46,-88.18,Inf,-85.36;
-103.00,-96.69,-94.85,-85.36,-88.18,-71.46,-85.36,Inf}
 KOMONDOR SIMULATION 'sim_input_nodes_sce2c_deployment_38.csv' (seed 1992)
{101.99,7.76,13.90,0.46,18.51,17.82,1.31,7.99,21.04,2.00,11.21,75.88,19.81,11.14,2.38,16.59,20.81,2.00,3.15,57.98,11.90,14.36,1.46,2.84,7.83,0.23,8.91,9.75,0.69,68.81,18.28,24.27,0.00,14.98,11.29,65.51,18.74,10.98,1.15,18.51,0.77,15.36,46.62,1.08,0.23,15.74,9.83,19.74,86.32,1.15,3.00,16.90,19.35,3.00,21.81,16.74,1.31,1.92,1.15,97.92,9.91,0.84,13.06,24.65,22.89,1.00,25.57}
{1.76,1.41,2.17,2.73,2.77,1.27,1.97,0.00}
{Inf,-65.69,-69.98,-69.78,-56.63,-54.97,-68.53,-66.39,-59.75,-66.83,-62.14,Inf,-62.53,-64.69,-67.20,-71.43,-60.79,-70.68,-67.98,Inf,-57.81,-54.89,-70.15,-67.79,-65.91,-70.78,-68.10,-67.78,-69.19,Inf,-64.95,-59.15,-71.14,-64.07,-64.59,Inf,-50.74,-69.06,-68.86,-54.84,-66.80,-65.72,Inf,-67.54,-69.38,-61.85,-65.04,-62.06,Inf,-70.72,-69.42,-55.39,-55.19,-67.05,-54.51,-69.49,-71.30,-68.77,-71.26,Inf,-66.72,-70.69,-68.28,-68.29,-66.50,-71.28,-64.02}
{Inf,-85.36,-71.46,-88.18,-85.36,-94.85,-96.69,-103.00;
-85.36,Inf,-88.18,-71.46,-94.85,-85.36,-103.00,-96.69;
-71.46,-88.18,Inf,-85.36,-71.46,-88.18,-85.36,-94.85;
-88.18,-71.46,-85.36,Inf,-88.18,-71.46,-94.85,-85.36;
-85.36,-94.85,-71.46,-88.18,Inf,-85.36,-71.46,-88.18;
-94.85,-85.36,-88.18,-71.46,-85.36,Inf,-88.18,-71.46;
-96.69,-103.00,-85.36,-94.85,-71.46,-88.18,Inf,-85.36;
-103.00,-96.69,-94.85,-85.36,-88.18,-71.46,-85.36,Inf}
 KOMONDOR SIMULATION 'sim_input_nodes_sce2c_deployment_39.csv' (seed 1992)
{92.85,20.58,7.07,6.22,10.29,11.06,13.75,18.43,5.45,117.73,28.72,23.42,0.38,39.55,25.65,35.79,7.22,7.14,6.53,12.52,2.07,0.00,0.08,0.23,0.00,37.56,1.92,0.23,0.69,7.83,5.53,0.69,3.84,4.38,0.31,12.13,43.01,12.29,14.05,0.54,14.90,0.31,0.38,0.54,0.00,47.92,0.00,12.98,1.15,0.46,7.37,8.99,6.84,9.75,0.38,136.01,34.71,38.86,7.68,35.33,19.43,145.38,29.64,21.50,21.04,0.15,30.18,26.50,16.36}
{0.12,2.94,2.55,1.94,2.33,1.99,4.28,2.42}
{Inf,-61.30,-67.24,-65.20,-68.87,-63.81,-61.63,-68.50,-71.05,Inf,-67.84,-62.26,-68.98,-50.76,-61.84,Inf,-61.35,-61.57,-64.53,-51.35,-65.92,-70.68,-71.41,-69.94,-71.37,Inf,-65.95,-69.11,-67.49,-60.83,-67.15,-66.94,-70.64,-65.74,-70.28,-61.51,Inf,-56.91,-59.43,-69.48,-60.17,-70.61,-70.44,-70.00,-71.45,Inf,-70.46,-55.35,-67.32,-68.67,-61.01,-61.13,-70.49,-60.96,-71.10,Inf,-67.58,-50.82,-68.65,-67.52,-60.93,Inf,-67.16,-60.73,-63.92,-70.12,-54.63,-65.84,-65.03}
{Inf,-85.36,-71.46,-88.18,-85.36,-94.85,-96.69,-103.00;
-85.36,Inf,-88.18,-71.46,-94.85,-85.36,-103.00,-96.69;
-71.46,-88.18,Inf,-85.36,-71.46,-88.18,-85.36,-94.85;
-88.18,-71.46,-85.36,Inf,-88.18,-71.46,-94.85,-85.36;
-85.36,-94.85,-71.46,-88.18,Inf,-85.36,-71.46,-88.18;
-94.85,-85.36,-88.18,-71.46,-85.36,Inf,-88.18,-71.46;
-96.69,-103.00,-85.36,-94.85,-71.46,-88.18,Inf,-85.36;
-103.00,-96.69,-94.85,-85.36,-88.18,-71.46,-85.36,Inf}
 KOMONDOR SIMULATION 'sim_input_nodes_sce2c_deployment_40.csv' (seed 1992)
{123.57,10.91,15.36,1.54,2.30,18.12,13.29,17.20,16.74,11.60,16.51,80.33,17.05,7.60,0.08,1.23,4.22,17.28,0.23,17.82,0.23,14.59,63.05,6.76,14.13,12.75,14.05,8.14,6.84,0.38,86.40,11.37,8.14,13.13,10.83,8.06,14.13,0.00,10.52,10.21,64.51,3.84,3.61,10.91,8.14,11.52,4.30,12.06,0.08,10.06,58.14,7.37,2.15,22.12,7.45,1.84,17.20,87.94,19.81,4.99,23.96,17.43,0.08,2.23,19.43,122.11,35.17,25.19,24.88,0.46,36.40}
{0.79,0.12,1.61,2.34,2.23,1.25,0.00,-0.00}
{Inf,-68.87,-70.36,-66.92,-70.58,-61.72,-62.25,-66.90,-70.36,-67.30,-57.83,Inf,-69.15,-68.18,-70.52,-68.15,-69.87,-64.12,-69.79,-62.20,-70.78,-67.61,Inf,-69.60,-70.39,-60.03,-59.23,-64.61,-64.39,-70.64,Inf,-58.19,-70.03,-61.93,-64.05,-69.29,-54.92,-71.44,-58.54,-64.51,Inf,-70.91,-65.21,-65.41,-65.75,-55.58,-70.98,-56.48,-70.72,-63.77,Inf,-65.46,-68.88,-54.73,-67.48,-69.41,-61.29,Inf,-70.62,-67.18,-67.87,-69.17,-70.03,-68.57,-71.03,Inf,-67.48,-71.09,-68.71,-69.15,-63.45}
{Inf,-85.36,-71.46,-88.18,-85.36,-94.85,-96.69,-103.00;
-85.36,Inf,-88.18,-71.46,-94.85,-85.36,-103.00,-96.69;
-71.46,-88.18,Inf,-85.36,-71.46,-88.18,-85.36,-94.85;
-88.18,-71.46,-85.36,Inf,-88.18,-71.46,-94.85,-85.36;
-85.36,-94.85,-71.46,-88.18,Inf,-85.36,-71.46,-88.18;
-94.85,-85.36,-88.18,-71.46,-85.36,Inf,-88.18,-71.46;
-96.69,-103.00,-85.36,-94.85,-71.46,-88.18,Inf,-85.36;
-103.00,-96.69,-94.85,-85.36,-88.18,-71.46,-85.36,Inf}
 KOMONDOR SIMULATION 'sim_input_nodes_sce2c_deployment_41.csv' (seed 1992)
{132.63,3.76,0.00,17.05,18.89,4.30,19.74,12.29,15.51,19.81,21.27,96.15,14.36,3.61,18.51,8.76,0.31,8.52,1.46,9.91,15.36,15.36,48.31,5.91,1.31,2.84,22.04,16.20,46.54,0.92,1.46,5.91,11.60,4.30,8.60,5.68,8.06,37.63,0.08,0.38,0.08,10.91,10.91,5.76,9.52,51.23,0.69,8.37,0.00,9.37,6.84,0.31,7.45,8.45,9.06,0.69,92.77,19.12,15.59,19.97,0.23,18.66,18.28,0.08,0.84,125.64,19.28,16.36,1.23,14.90,15.36,11.21,13.90,16.59,16.82}
{2.14,10.47,1.56,0.61,0.61,1.95,2.56,1.36}
{Inf,-70.56,-71.19,-63.39,-63.73,-66.22,-53.87,-61.13,-70.42,-53.42,-54.62,Inf,-68.91,-65.59,-58.92,-62.01,-71.38,-63.33,-68.21,-71.07,-62.33,-63.11,Inf,-68.02,-68.14,-70.99,-54.95,-63.55,Inf,-66.10,-66.81,-68.92,-61.23,-70.51,-68.88,-71.29,-62.42,Inf,-70.80,-70.06,-71.09,-65.20,-61.71,-70.10,-66.63,Inf,-66.35,-65.86,-70.92,-64.43,-60.74,-68.32,-70.80,-56.25,-61.03,-66.62,Inf,-66.17,-60.99,-59.96,-70.95,-63.47,-56.09,-71.37,-68.64,Inf,-61.09,-69.21,-71.08,-69.68,-65.26,-68.56,-71.24,-67.81,-50.76}
{Inf,-85.36,-71.46,-88.18,-85.36,-94.85,-96.69,-103.00;
-85.36,Inf,-88.18,-71.46,-94.85,-85.36,-103.00,-96.69;
-71.46,-88.18,Inf,-85.36,-71.46,-88.18,-85.36,-94.85;
-88.18,-71.46,-85.36,Inf,-88.18,-71.46,-94.85,-85.36;
-85.36,-94.85,-71.46,-88.18,Inf,-85.36,-71.46,-88.18;
-94.85,-85.36,-88.18,-71.46,-85.36,Inf,-88.18,-71.46;
-96.69,-103.00,-85.36,-94.85,-71.46,-88.18,Inf,-85.36;
-103.00,-96.69,-94.85,-85.36,-88.18,-71.46,-85.36,Inf}
 KOMONDOR SIMULATION 'sim_input_nodes_sce2c_deployment_42.csv' (seed 1992)
{127.95,21.89,0.61,32.18,30.03,10.44,32.79,141.31,29.49,31.72,24.12,1.08,28.57,26.34,96.46,26.50,19.35,3.30,21.35,25.96,83.56,9.83,14.21,0.00,11.21,10.91,11.83,12.67,7.83,5.07,49.54,0.08,4.61,10.83,15.05,8.22,1.77,8.99,50.23,4.92,11.98,1.84,9.22,5.76,6.99,9.22,0.31,34.25,2.76,4.99,18.12,4.84,3.53,120.19,38.02,0.69,29.80,32.56,19.12}
{0.61,-10.57,4.30,2.33,1.69,0.38,0.00,-0.00}
{Inf,-64.44,-69.38,-69.72,-59.33,-69.96,-66.05,Inf,-49.16,-53.36,-66.56,-71.10,-70.50,-65.67,Inf,-48.99,-63.98,-67.50,-60.64,-55.89,Inf,-60.67,-47.45,-71.15,-66.28,-71.00,-64.71,-63.50,-61.94,-69.92,Inf,-69.80,-68.78,-60.63,-58.42,-64.97,-67.61,-69.16,Inf,-64.66,-62.67,-65.72,-68.86,-68.86,-66.85,-61.20,-70.38,Inf,-71.16,-69.60,-71.00,-66.36,-66.53,Inf,-62.79,-70.15,-67.95,-69.69,-70.58}
{Inf,-85.36,-71.46,-88.18,-85.36,-94.85,-96.69,-103.00;
-85.36,Inf,-88.18,-71.46,-94.85,-85.36,-103.00,-96.69;
-71.46,-88.18,Inf,-85.36,-71.46,-88.18,-85.36,-94.85;
-88.18,-71.46,-85.36,Inf,-88.18,-71.46,-94.85,-85.36;
-85.36,-94.85,-71.46,-88.18,Inf,-85.36,-71.46,-88.18;
-94.85,-85.36,-88.18,-71.46,-85.36,Inf,-88.18,-71.46;
-96.69,-103.00,-85.36,-94.85,-71.46,-88.18,Inf,-85.36;
-103.00,-96.69,-94.85,-85.36,-88.18,-71.46,-85.36,Inf}
 KOMONDOR SIMULATION 'sim_input_nodes_sce2c_deployment_43.csv' (seed 1992)
{101.99,5.68,21.89,30.87,7.07,36.48,138.32,19.35,19.12,3.69,2.00,16.67,13.90,13.44,19.12,18.59,12.44,91.08,19.12,13.67,19.28,0.38,20.51,18.12,57.83,12.83,8.60,6.37,9.60,13.98,0.00,0.00,6.45,44.85,1.46,13.67,11.75,0.15,9.98,6.07,1.46,0.31,54.30,2.84,9.68,0.23,16.59,1.00,11.52,12.44,82.41,2.76,6.30,0.15,17.74,3.99,0.31,18.05,1.38,19.05,12.67,157.67,19.28,15.44,16.97,15.97,22.20,20.20,10.83,17.66,19.12}
{1.46,1.93,4.08,3.56,0.32,1.66,2.28,1.44}
{Inf,-70.05,-68.68,-60.74,-68.79,-66.92,Inf,-64.45,-53.22,-66.19,-71.22,-60.50,-68.19,-65.39,-54.91,-59.98,-67.47,Inf,-55.00,-69.13,-63.94,-69.64,-54.54,-57.35,Inf,-58.32,-67.72,-67.14,-63.30,-66.12,-71.37,-70.92,-64.29,Inf,-69.54,-57.00,-60.22,-67.41,-69.64,-71.42,-66.91,-70.43,Inf,-68.25,-65.82,-69.98,-53.93,-71.43,-62.29,-66.83,Inf,-68.76,-64.83,-70.26,-55.65,-67.44,-69.55,-69.44,-67.45,-54.97,-68.53,Inf,-65.31,-66.19,-66.07,-70.21,-63.10,-65.15,-64.62,-64.06,-64.32}
{Inf,-85.36,-71.46,-88.18,-85.36,-94.85,-96.69,-103.00;
-85.36,Inf,-88.18,-71.46,-94.85,-85.36,-103.00,-96.69;
-71.46,-88.18,Inf,-85.36,-71.46,-88.18,-85.36,-94.85;
-88.18,-71.46,-85.36,Inf,-88.18,-71.46,-94.85,-85.36;
-85.36,-94.85,-71.46,-88.18,Inf,-85.36,-71.46,-88.18;
-94.85,-85.36,-88.18,-71.46,-85.36,Inf,-88.18,-71.46;
-96.69,-103.00,-85.36,-94.85,-71.46,-88.18,Inf,-85.36;
-103.00,-96.69,-94.85,-85.36,-88.18,-71.46,-85.36,Inf}
 KOMONDOR SIMULATION 'sim_input_nodes_sce2c_deployment_44.csv' (seed 1992)
{45.24,28.34,6.22,2.30,8.29,0.08,116.43,0.15,18.05,0.23,19.35,16.90,17.05,16.13,8.83,19.74,63.21,5.30,12.52,9.45,0.31,4.07,5.91,15.05,2.92,7.68,55.91,11.90,9.45,0.84,11.06,0.31,8.14,7.14,7.07,80.87,9.60,11.75,2.15,13.13,9.37,4.76,3.30,9.45,8.52,8.83,56.83,1.54,12.06,9.06,7.45,8.37,0.00,7.68,10.68,115.28,3.46,41.93,30.18,33.41,6.30,83.94,9.68,12.29,0.92,0.00,2.53,17.82,11.60,17.05,11.37,0.69}
{0.12,0.69,3.84,0.45,1.85,2.24,6.79,2.12}
{Inf,-63.02,-68.28,-69.33,-67.16,-70.06,Inf,-69.51,-64.01,-69.94,-55.67,-66.54,-68.06,-62.63,-70.00,-68.16,Inf,-70.66,-57.04,-56.59,-68.00,-65.72,-63.28,-51.68,-65.76,-67.14,Inf,-65.00,-66.63,-69.40,-65.71,-71.39,-64.90,-69.94,-70.03,Inf,-65.71,-60.66,-66.43,-48.87,-65.84,-66.64,-68.06,-60.63,-61.42,-61.71,Inf,-68.92,-54.26,-68.46,-70.09,-59.38,-71.36,-63.07,-63.66,Inf,-69.79,-55.24,-62.79,-60.49,-69.20,Inf,-70.41,-70.57,-70.09,-70.66,-67.30,-63.76,-62.67,-55.16,-71.38,-70.85}
{Inf,-85.36,-71.46,-88.18,-85.36,-94.85,-96.69,-103.00;
-85.36,Inf,-88.18,-71.46,-94.85,-85.36,-103.00,-96.69;
-71.46,-88.18,Inf,-85.36,-71.46,-88.18,-85.36,-94.85;
-88.18,-71.46,-85.36,Inf,-88.18,-71.46,-94.85,-85.36;
-85.36,-94.85,-71.46,-88.18,Inf,-85.36,-71.46,-88.18;
-94.85,-85.36,-88.18,-71.46,-85.36,Inf,-88.18,-71.46;
-96.69,-103.00,-85.36,-94.85,-71.46,-88.18,Inf,-85.36;
-103.00,-96.69,-94.85,-85.36,-88.18,-71.46,-85.36,Inf}
 KOMONDOR SIMULATION 'sim_input_nodes_sce2c_deployment_45.csv' (seed 1992)
{155.21,34.64,3.92,29.88,29.34,24.35,33.10,65.89,11.90,1.54,15.90,7.07,0.54,17.36,3.38,2.07,6.14,50.15,12.98,15.36,0.08,8.45,0.23,13.06,47.16,0.69,8.91,0.61,4.15,10.60,0.00,7.45,0.38,14.36,47.77,0.00,7.30,1.08,20.43,10.14,8.83,60.90,1.92,0.46,11.90,10.29,6.53,11.52,12.60,4.07,0.31,1.31,153.14,42.93,41.32,33.41,33.33,2.15,131.48,30.26,27.80,5.68,27.26,1.08,21.43,17.97}
{3.03,-17.02,0.00,2.70,0.86,2.54,1.84,1.91}
{Inf,-60.72,-66.62,-60.62,-68.39,-59.39,-62.25,Inf,-69.56,-68.98,-60.29,-70.33,-71.21,-61.75,-69.57,-68.82,-65.76,Inf,-63.90,-68.34,-69.42,-70.12,-68.79,-66.30,Inf,-70.29,-60.87,-67.72,-71.19,-61.29,-69.60,-63.72,-69.63,-53.34,Inf,-70.67,-71.10,-69.38,-48.88,-69.73,-69.33,Inf,-66.04,-69.58,-57.52,-60.00,-68.76,-58.77,-52.07,-65.09,-70.89,-66.97,Inf,-51.42,-60.79,-66.96,-70.00,-67.93,Inf,-60.13,-69.51,-67.71,-57.51,-69.58,-62.43,-69.63}
{Inf,-85.36,-71.46,-88.18,-85.36,-94.85,-96.69,-103.00;
-85.36,Inf,-88.18,-71.46,-94.85,-85.36,-103.00,-96.69;
-71.46,-88.18,Inf,-85.36,-71.46,-88.18,-85.36,-94.85;
-88.18,-71.46,-85.36,Inf,-88.18,-71.46,-94.85,-85.36;
-85.36,-94.85,-71.46,-88.18,Inf,-85.36,-71.46,-88.18;
-94.85,-85.36,-88.18,-71.46,-85.36,Inf,-88.18,-71.46;
-96.69,-103.00,-85.36,-94.85,-71.46,-88.18,Inf,-85.36;
-103.00,-96.69,-94.85,-85.36,-88.18,-71.46,-85.36,Inf}
 KOMONDOR SIMULATION 'sim_input_nodes_sce2c_deployment_46.csv' (seed 1992)
{110.59,24.27,20.28,24.81,14.82,23.27,2.76,0.38,88.01,9.14,12.60,16.05,0.46,2.15,0.00,9.14,18.20,20.28,55.99,11.90,15.21,0.77,11.98,7.45,8.68,57.75,4.22,10.37,1.31,8.91,0.23,9.52,13.82,9.29,0.08,40.78,0.69,0.92,0.08,12.83,0.46,13.29,12.52,64.90,9.29,7.53,0.31,4.68,11.21,1.38,5.99,9.68,13.98,0.84,155.60,13.52,27.11,27.26,24.27,0.31,15.05,21.73,26.34,102.91,30.34,28.03,0.38,22.04,2.84,3.07,16.20}
{2.55,2.87,2.06,2.31,1.00,3.35,3.05,1.17}
{Inf,-59.86,-68.34,-60.07,-61.64,-58.34,-68.52,-69.86,Inf,-64.15,-69.47,-59.29,-68.90,-69.12,-70.54,-64.18,-71.28,-56.19,Inf,-71.05,-59.38,-68.37,-61.92,-71.08,-67.93,Inf,-67.84,-52.37,-67.32,-70.75,-68.53,-61.88,-55.52,-58.65,-69.65,Inf,-68.41,-68.51,-69.30,-57.56,-70.18,-50.25,-61.60,Inf,-61.18,-64.35,-67.80,-62.64,-57.63,-68.62,-65.37,-66.21,-50.00,-71.43,Inf,-71.38,-63.44,-60.26,-62.06,-69.05,-62.76,-70.84,-64.52,Inf,-46.84,-61.74,-71.25,-68.15,-69.23,-67.32,-68.13}
{Inf,-85.36,-71.46,-88.18,-85.36,-94.85,-96.69,-103.00;
-85.36,Inf,-88.18,-71.46,-94.85,-85.36,-103.00,-96.69;
-71.46,-88.18,Inf,-85.36,-71.46,-88.18,-85.36,-94.85;
-88.18,-71.46,-85.36,Inf,-88.18,-71.46,-94.85,-85.36;
-85.36,-94.85,-71.46,-88.18,Inf,-85.36,-71.46,-88.18;
-94.85,-85.36,-88.18,-71.46,-85.36,Inf,-88.18,-71.46;
-96.69,-103.00,-85.36,-94.85,-71.46,-88.18,Inf,-85.36;
-103.00,-96.69,-94.85,-85.36,-88.18,-71.46,-85.36,Inf}
 KOMONDOR SIMULATION 'sim_input_nodes_sce2c_deployment_47.csv' (seed 1992)
{95.69,28.03,0.08,20.97,34.48,12.13,106.37,15.28,24.50,13.67,9.29,22.81,18.12,2.69,60.83,20.12,5.84,13.29,0.08,10.98,10.52,52.45,11.52,11.29,0.38,5.22,10.37,0.46,13.21,51.07,0.15,0.31,13.06,12.13,12.75,11.83,0.84,72.81,12.83,8.14,1.46,5.45,10.91,0.92,8.06,7.07,7.68,10.29,114.82,29.34,22.12,6.99,22.81,2.76,26.11,4.68,143.08,27.34,22.50,26.11,23.73,26.42,16.74,0.23}
{0.97,6.90,3.19,3.37,1.33,7.40,2.00,3.15}
{Inf,-62.18,-71.36,-70.72,-60.32,-71.05,Inf,-71.05,-68.10,-63.73,-65.83,-63.32,-66.77,-67.03,Inf,-57.58,-68.37,-64.01,-69.56,-60.47,-60.42,Inf,-62.50,-57.03,-68.28,-64.28,-62.46,-70.21,-60.70,Inf,-69.64,-69.48,-60.94,-70.03,-65.05,-63.99,-69.61,Inf,-56.45,-61.25,-65.71,-69.03,-58.62,-69.29,-68.54,-69.36,-71.07,-67.00,Inf,-52.04,-69.08,-65.76,-69.76,-70.50,-60.69,-66.46,Inf,-59.35,-63.98,-67.06,-59.61,-69.18,-63.04,-70.64}
{Inf,-85.36,-71.46,-88.18,-85.36,-94.85,-96.69,-103.00;
-85.36,Inf,-88.18,-71.46,-94.85,-85.36,-103.00,-96.69;
-71.46,-88.18,Inf,-85.36,-71.46,-88.18,-85.36,-94.85;
-88.18,-71.46,-85.36,Inf,-88.18,-71.46,-94.85,-85.36;
-85.36,-94.85,-71.46,-88.18,Inf,-85.36,-71.46,-88.18;
-94.85,-85.36,-88.18,-71.46,-85.36,Inf,-88.18,-71.46;
-96.69,-103.00,-85.36,-94.85,-71.46,-88.18,Inf,-85.36;
-103.00,-96.69,-94.85,-85.36,-88.18,-71.46,-85.36,Inf}
 KOMONDOR SIMULATION 'sim_input_nodes_sce2c_deployment_48.csv' (seed 1992)
{78.34,17.51,8.45,20.04,16.82,1.38,7.14,3.15,3.84,118.66,13.82,10.75,21.04,18.05,20.35,4.07,12.52,18.05,46.62,6.76,1.00,0.15,0.00,0.15,8.99,10.98,0.15,11.37,7.07,57.60,10.83,6.37,4.92,2.15,4.76,0.23,9.98,11.21,7.14,38.40,0.00,10.98,1.61,2.07,0.38,12.83,1.31,0.31,8.91,89.16,15.05,4.84,7.76,15.74,18.36,9.98,17.43,118.89,18.51,7.76,21.89,1.69,14.05,10.68,22.58,21.73,166.04,24.19,31.80,30.87,2.30,22.89,27.96,26.04}
{0.00,0.85,1.40,1.17,0.92,2.28,0.59,3.29}
{Inf,-62.03,-65.22,-67.42,-69.96,-70.62,-67.51,-67.82,-67.64,Inf,-68.22,-70.50,-66.66,-61.75,-68.68,-66.39,-70.48,-67.37,Inf,-69.90,-68.57,-70.81,-70.84,-71.00,-57.70,-63.71,-69.67,-57.80,-66.27,Inf,-63.45,-64.62,-65.51,-70.31,-65.48,-69.45,-59.34,-49.67,-69.66,Inf,-71.17,-56.21,-69.13,-65.87,-70.22,-51.91,-67.87,-69.04,-66.21,Inf,-63.98,-70.79,-69.97,-61.00,-51.39,-70.71,-60.54,Inf,-65.00,-70.61,-59.50,-69.17,-68.48,-70.68,-57.94,-66.88,Inf,-65.81,-61.57,-58.49,-68.57,-66.09,-60.69,-69.68}
{Inf,-85.36,-71.46,-88.18,-85.36,-94.85,-96.69,-103.00;
-85.36,Inf,-88.18,-71.46,-94.85,-85.36,-103.00,-96.69;
-71.46,-88.18,Inf,-85.36,-71.46,-88.18,-85.36,-94.85;
-88.18,-71.46,-85.36,Inf,-88.18,-71.46,-94.85,-85.36;
-85.36,-94.85,-71.46,-88.18,Inf,-85.36,-71.46,-88.18;
-94.85,-85.36,-88.18,-71.46,-85.36,Inf,-88.18,-71.46;
-96.69,-103.00,-85.36,-94.85,-71.46,-88.18,Inf,-85.36;
-103.00,-96.69,-94.85,-85.36,-88.18,-71.46,-85.36,Inf}
 KOMONDOR SIMULATION 'sim_input_nodes_sce2c_deployment_49.csv' (seed 1992)
{108.06,17.36,10.21,0.15,14.36,13.21,8.76,13.67,0.00,14.13,16.20,137.93,25.42,34.48,27.96,28.65,2.23,19.20,92.24,19.12,10.75,18.05,14.98,17.05,12.29,40.09,0.46,1.15,11.37,11.21,0.61,0.92,5.07,2.84,0.23,6.22,60.83,0.00,0.23,14.67,8.99,18.43,18.51,16.74,0.00,1.00,1.61,6.53,0.61,6.99,69.12,0.00,2.00,0.15,22.73,14.52,16.13,12.52,1.08,141.24,23.35,15.44,27.42,15.44,28.57,31.03}
{1.07,2.12,1.66,1.21,4.77,-0.00,1.73,3.37}
{Inf,-52.95,-70.12,-70.57,-59.41,-69.73,-70.19,-68.25,-71.34,-64.21,-60.81,Inf,-62.78,-68.87,-58.02,-60.27,-71.04,-63.64,Inf,-53.33,-71.38,-56.86,-61.75,-62.68,-70.74,Inf,-68.42,-66.19,-63.60,-69.71,-66.65,-66.91,-65.16,-71.21,-69.28,-62.78,Inf,-70.89,-68.63,-61.53,-64.35,-54.13,-58.06,Inf,-71.02,-70.32,-70.86,-68.80,-69.07,-68.56,Inf,-70.62,-68.48,-69.95,-55.75,-68.93,-65.92,-70.80,-69.46,Inf,-62.43,-65.61,-68.15,-68.14,-68.82,-54.63}
{Inf,-85.36,-71.46,-88.18,-85.36,-94.85,-96.69,-103.00;
-85.36,Inf,-88.18,-71.46,-94.85,-85.36,-103.00,-96.69;
-71.46,-88.18,Inf,-85.36,-71.46,-88.18,-85.36,-94.85;
-88.18,-71.46,-85.36,Inf,-88.18,-71.46,-94.85,-85.36;
-85.36,-94.85,-71.46,-88.18,Inf,-85.36,-71.46,-88.18;
-94.85,-85.36,-88.18,-71.46,-85.36,Inf,-88.18,-71.46;
-96.69,-103.00,-85.36,-94.85,-71.46,-88.18,Inf,-85.36;
-103.00,-96.69,-94.85,-85.36,-88.18,-71.46,-85.36,Inf}
