 KOMONDOR SIMULATION 'sim_input_nodes_sce2c_deployment_00.csv' (seed 1992)
{94.00,20.43,18.74,4.61,20.35,10.44,19.43,62.75,12.29,0.08,3.23,9.22,11.90,13.75,12.29,115.31,16.36,14.36,9.94,13.80,20.74,11.15,18.43,10.53,33.18,0.15,5.30,6.30,0.61,6.37,0.69,1.00,2.69,5.99,4.07,19.58,3.15,2.19,0.66,2.76,2.53,3.23,0.66,1.09,3.30,19.89,3.00,4.99,0.69,2.61,5.22,3.38,102.37,1.23,24.42,2.53,1.69,23.65,26.50,22.35,97.61,17.59,12.44,10.44,14.98,0.08,17.28,11.06,12.52,1.23}
{3.53,3.61,11.84,20.48,10.21,3.96,0.97,17.55}
{Inf,-54.65,-57.95,-64.17,-68.37,-66.56,-65.91,Inf,-65.99,-67.91,-66.98,-62.64,-65.63,-60.94,-51.25,Inf,-58.15,-63.46,-65.01,-64.74,-45.71,-59.76,-51.47,-65.21,Inf,-68.08,-67.63,-50.55,-65.95,-57.61,-63.71,-62.31,-68.33,-56.43,-66.64,Inf,-48.50,-60.59,-64.56,-55.91,-62.11,-53.83,-64.79,-59.94,-51.20,Inf,-66.29,-54.24,-66.41,-67.23,-67.01,-67.78,Inf,-70.68,-66.27,-71.31,-69.96,-69.67,-59.93,-60.60,Inf,-51.93,-61.75,-62.88,-60.31,-69.56,-59.29,-61.70,-67.24,-69.29}
{Inf,-82.35,-65.44,-85.17,-79.34,-91.84,-96.69,-103.00;
-82.35,Inf,-82.16,-68.45,-88.83,-82.35,-103.00,-96.69;
-68.45,-85.17,Inf,-82.35,-65.44,-85.17,-85.36,-94.85;
-85.17,-68.45,-79.34,Inf,-82.16,-68.45,-94.85,-85.36;
-82.35,-91.84,-65.44,-85.17,Inf,-82.35,-71.46,-88.18;
-91.84,-82.35,-82.16,-68.45,-79.34,Inf,-88.18,-71.46;
-93.68,-99.99,-79.34,-91.84,-65.44,-85.17,Inf,-85.36;
-99.99,-93.68,-88.83,-82.35,-82.16,-68.45,-85.36,Inf}
 KOMONDOR SIMULATION 'sim_input_nodes_sce2c_deployment_01.csv' (seed 1992)
{95.77,0.08,16.36,8.22,20.97,4.30,21.66,1.31,22.89,59.52,6.14,3.15,8.68,0.77,9.91,1.15,11.60,10.37,7.76,48.77,5.45,2.84,9.52,11.14,11.37,8.45,33.64,5.91,4.99,6.84,7.37,2.15,5.99,0.00,0.38,25.80,0.92,5.15,1.15,5.91,1.38,7.07,3.07,0.54,0.61,30.87,0.54,4.92,6.37,3.92,8.83,6.30,89.24,12.52,10.60,11.14,10.60,10.83,1.38,3.92,12.36,12.60,3.30,111.59,4.30,16.59,24.96,33.95,31.80}
{0.37,17.46,6.56,3.26,0.36,9.71,9.02,0.93}
{Inf,-70.49,-63.48,-66.82,-66.53,-69.73,-60.66,-68.27,-52.03,Inf,-62.68,-67.51,-62.42,-66.12,-67.71,-67.93,-63.90,-65.85,-60.23,Inf,-65.16,-64.12,-60.50,-52.62,-60.07,-58.29,Inf,-56.50,-62.23,-55.13,-65.01,-67.14,-60.22,-68.38,-67.17,Inf,-70.55,-68.37,-70.58,-64.05,-70.15,-60.27,-65.76,-69.57,-69.35,Inf,-67.64,-58.80,-62.31,-66.76,-43.64,-58.89,Inf,-62.33,-59.51,-53.96,-61.59,-61.90,-68.10,-63.86,-51.96,-55.55,-66.77,Inf,-68.29,-67.50,-69.14,-49.99,-71.19}
{Inf,-82.35,-68.45,-85.17,-85.36,-91.84,-93.68,-103.00;
-85.36,Inf,-85.17,-68.45,-94.85,-82.35,-99.99,-96.69;
-71.46,-85.17,Inf,-82.35,-71.46,-85.17,-82.35,-94.85;
-88.18,-68.45,-82.35,Inf,-88.18,-68.45,-91.84,-85.36;
-85.36,-91.84,-68.45,-85.17,Inf,-82.35,-68.45,-88.18;
-94.85,-82.35,-85.17,-68.45,-85.36,Inf,-85.17,-71.46;
-96.69,-99.99,-82.35,-91.84,-71.46,-85.17,Inf,-85.36;
-103.00,-93.68,-91.84,-82.35,-88.18,-68.45,-82.35,Inf}
 KOMONDOR SIMULATION 'sim_input_nodes_sce2c_deployment_02.csv' (seed 1992)
{20.08,1.12,2.92,5.76,7.60,1.23,1.45,85.95,19.56,14.70,19.20,11.29,21.20,30.17,6.68,0.30,6.60,2.43,4.70,5.15,4.30,120.50,13.61,12.93,14.82,14.28,15.51,14.50,13.95,12.31,8.57,92.99,11.37,7.25,10.98,13.59,10.83,10.74,6.89,10.67,10.67,48.23,8.29,9.45,9.22,8.91,7.22,5.15,79.09,15.34,7.39,16.28,13.63,10.77,15.67,123.41,9.67,13.54,17.74,15.73,15.46,16.69,13.61,20.97}
{0.45,21.93,17.26,5.19,21.39,13.72,13.70,-0.00}
{Inf,-67.79,-62.83,-70.14,-59.00,-64.99,-68.18,Inf,-61.09,-64.63,-51.83,-61.80,-50.20,Inf,-56.37,-65.13,-51.26,-59.68,-62.22,-53.41,-49.96,Inf,-63.86,-62.00,-55.93,-58.70,-54.27,-62.52,-59.50,-61.45,-65.23,Inf,-53.30,-63.42,-57.80,-57.81,-56.02,-62.59,-65.34,-60.65,-63.40,Inf,-66.32,-61.17,-55.63,-61.02,-60.72,-60.02,Inf,-62.84,-64.36,-57.96,-60.39,-64.07,-42.04,Inf,-65.42,-62.88,-57.89,-61.22,-62.38,-63.19,-62.17,-57.83}
{Inf,-79.34,-65.44,-82.16,-79.34,-91.84,-90.67,-96.98;
-85.36,Inf,-82.16,-65.44,-88.83,-82.35,-96.98,-90.67;
-71.46,-82.16,Inf,-79.34,-65.44,-85.17,-79.34,-88.83;
-88.18,-65.44,-79.34,Inf,-82.16,-68.45,-88.83,-79.34;
-85.36,-88.83,-65.44,-82.16,Inf,-82.35,-65.44,-82.16;
-94.85,-79.34,-82.16,-65.44,-79.34,Inf,-82.16,-65.44;
-96.69,-96.98,-79.34,-88.83,-65.44,-85.17,Inf,-79.34;
-103.00,-90.67,-88.83,-79.34,-82.16,-68.45,-79.34,Inf}
 KOMONDOR SIMULATION 'sim_input_nodes_sce2c_deployment_03.csv' (seed 1992)
{42.89,8.45,6.50,4.20,10.75,6.98,6.02,45.24,3.38,10.83,9.91,9.75,0.00,11.37,57.66,11.29,8.83,7.85,9.53,9.71,10.44,106.70,17.24,18.74,8.21,20.12,21.58,20.81,101.72,14.43,16.51,11.90,18.12,7.71,15.05,17.99,49.53,4.98,5.53,8.29,7.07,6.45,6.60,7.60,0.15,2.84,93.45,16.92,2.04,13.27,22.43,19.51,19.29,117.20,16.74,16.82,16.36,17.43,14.05,15.28,20.51}
{19.53,14.36,12.21,30.20,29.61,13.97,29.03,1.70}
{Inf,-57.29,-62.88,-64.52,-43.12,-59.64,-60.95,Inf,-60.91,-54.79,-67.38,-66.58,-65.41,-51.56,Inf,-57.06,-59.89,-64.36,-63.08,-63.85,-50.05,Inf,-62.68,-61.01,-63.06,-57.27,-44.65,-54.38,Inf,-63.37,-56.49,-56.60,-55.36,-65.30,-62.27,-59.01,Inf,-64.55,-64.86,-50.39,-57.54,-62.14,-60.55,-66.61,-67.16,-68.30,Inf,-64.77,-64.71,-60.00,-55.04,-45.81,-63.57,Inf,-60.69,-61.15,-62.71,-68.35,-60.98,-68.25,-58.42}
{Inf,-82.35,-65.44,-82.16,-79.34,-91.84,-90.67,-99.99;
-79.34,Inf,-82.16,-65.44,-88.83,-82.35,-96.98,-93.68;
-65.44,-85.17,Inf,-79.34,-65.44,-85.17,-79.34,-91.84;
-82.16,-68.45,-79.34,Inf,-82.16,-68.45,-88.83,-82.35;
-79.34,-91.84,-65.44,-82.16,Inf,-82.35,-65.44,-85.17;
-88.83,-82.35,-82.16,-65.44,-79.34,Inf,-82.16,-68.45;
-90.67,-99.99,-79.34,-88.83,-65.44,-85.17,Inf,-82.35;
-96.98,-93.68,-88.83,-79.34,-82.16,-68.45,-79.34,Inf}
 KOMONDOR SIMULATION 'sim_input_nodes_sce2c_deployment_04.csv' (seed 1992)
{29.88,8.76,6.76,3.61,7.30,1.84,1.61,70.08,9.68,5.75,9.23,8.82,8.76,7.32,7.59,5.56,7.37,20.58,4.30,2.69,1.15,5.38,7.07,12.52,0.61,1.61,1.61,1.46,0.92,1.23,0.84,2.07,0.15,2.00,27.72,1.08,1.54,6.76,3.61,2.46,2.30,0.00,3.69,4.76,1.54,6.76,0.77,0.00,0.61,1.00,0.23,1.23,2.92,37.25,2.76,3.92,3.00,5.15,6.84,5.68,7.07,2.84,69.52,12.75,6.89,10.12,10.94,9.18,11.98,7.66}
{0.25,44.08,16.74,1.07,0.69,2.49,13.31,6.05}
{Inf,-54.41,-70.87,-65.94,-68.82,-68.67,-67.90,Inf,-53.52,-62.29,-59.14,-59.72,-61.38,-62.39,-59.67,-65.02,-57.83,Inf,-64.50,-59.97,-63.42,-67.69,-63.68,Inf,-68.72,-69.64,-64.30,-51.49,-62.98,-67.34,-65.31,-57.29,-70.05,-60.73,Inf,-67.86,-66.46,-55.30,-69.13,-68.79,-70.54,-70.79,-70.03,-57.58,-70.30,Inf,-63.99,-69.96,-69.40,-65.23,-68.88,-65.18,-57.12,Inf,-68.34,-65.33,-66.72,-60.31,-64.67,-63.42,-64.18,-66.54,Inf,-53.54,-65.37,-60.28,-63.76,-64.65,-55.72,-63.25}
{Inf,-79.34,-68.45,-88.18,-85.36,-94.85,-93.68,-96.98;
-85.36,Inf,-85.17,-71.46,-94.85,-85.36,-99.99,-90.67;
-71.46,-82.16,Inf,-85.36,-71.46,-88.18,-82.35,-88.83;
-88.18,-65.44,-82.35,Inf,-88.18,-71.46,-91.84,-79.34;
-85.36,-88.83,-68.45,-88.18,Inf,-85.36,-68.45,-82.16;
-94.85,-79.34,-85.17,-71.46,-85.36,Inf,-85.17,-65.44;
-96.69,-96.98,-82.35,-94.85,-71.46,-88.18,Inf,-79.34;
-103.00,-90.67,-91.84,-85.36,-88.18,-71.46,-82.35,Inf}
 KOMONDOR SIMULATION 'sim_input_nodes_sce2c_deployment_05.csv' (seed 1992)
{141.70,12.67,16.59,17.66,18.28,12.90,15.13,18.51,15.13,14.82,64.28,7.22,7.60,6.14,5.84,1.38,7.45,7.37,6.22,8.22,6.84,34.10,2.46,10.52,0.08,12.13,8.91,52.06,4.37,13.82,8.06,14.44,11.37,8.45,0.00,2.07,1.61,3.38,1.31,0.08,63.97,4.40,14.90,13.82,17.13,13.72,101.17,1.35,25.50,24.19,3.92,20.18,26.04,74.70,15.05,2.14,12.86,13.47,7.32,7.44,8.41,8.00}
{5.68,5.36,0.45,9.85,2.23,14.21,1.19,21.68}
{Inf,-58.26,-55.30,-66.11,-61.01,-66.73,-51.34,-66.80,-63.85,-57.63,Inf,-49.23,-49.10,-60.43,-49.11,-64.49,-66.65,-52.80,-59.93,-50.17,-66.08,Inf,-66.83,-66.53,-70.33,-55.03,-63.29,Inf,-62.29,-54.95,-63.63,-48.81,-62.23,Inf,-67.41,-55.06,-67.55,-62.95,-62.10,-67.44,Inf,-67.98,-54.55,-53.05,-52.71,-63.81,Inf,-71.06,-61.72,-60.60,-68.51,-68.78,-54.11,Inf,-49.18,-65.25,-62.81,-59.65,-61.77,-64.65,-60.62,-61.12}
{Inf,-82.35,-71.46,-85.17,-82.35,-91.84,-96.69,-96.98;
-82.35,Inf,-88.18,-68.45,-91.84,-82.35,-103.00,-90.67;
-68.45,-85.17,Inf,-82.35,-68.45,-85.17,-85.36,-88.83;
-85.17,-68.45,-85.36,Inf,-85.17,-68.45,-94.85,-79.34;
-82.35,-91.84,-71.46,-85.17,Inf,-82.35,-71.46,-82.16;
-91.84,-82.35,-88.18,-68.45,-82.35,Inf,-88.18,-65.44;
-93.68,-99.99,-85.36,-91.84,-68.45,-85.17,Inf,-79.34;
-99.99,-93.68,-94.85,-82.35,-85.17,-68.45,-85.36,Inf}
 KOMONDOR SIMULATION 'sim_input_nodes_sce2c_deployment_06.csv' (seed 1992)
{154.44,24.21,28.80,27.03,26.27,25.86,22.27,45.85,1.77,9.75,1.23,8.29,6.84,9.14,8.52,0.31,79.88,9.52,9.52,9.58,5.88,10.83,8.07,9.83,9.45,7.20,4.84,0.00,0.92,0.77,0.92,2.23,5.68,0.08,1.31,0.08,0.08,0.61,1.08,1.38,1.08,65.03,13.75,14.13,12.36,1.92,13.75,9.12,29.80,13.13,2.46,0.61,4.99,7.99,0.61,169.14,27.19,25.44,28.65,29.11,26.19,32.56}
{1.58,13.10,47.79,1.43,1.48,26.16,0.00,1.16}
{Inf,-62.42,-52.07,-53.65,-41.26,-62.02,-59.00,Inf,-61.65,-63.55,-62.88,-62.74,-65.86,-66.86,-60.74,-68.38,Inf,-53.06,-54.22,-59.72,-59.51,-49.69,-61.09,-56.52,-46.93,-64.47,Inf,-71.04,-61.64,-68.51,-67.14,-57.37,Inf,-68.96,-53.56,-70.97,-66.27,-71.30,-56.39,-59.71,-70.32,Inf,-57.00,-58.60,-57.16,-64.08,-49.68,-65.08,Inf,-60.78,-69.92,-65.20,-67.24,-66.60,-66.61,Inf,-56.99,-59.47,-49.94,-51.84,-52.98,-54.63}
{Inf,-82.35,-65.44,-88.18,-85.36,-88.83,-96.69,-96.98;
-79.34,Inf,-82.16,-71.46,-94.85,-79.34,-103.00,-90.67;
-65.44,-85.17,Inf,-85.36,-71.46,-82.16,-85.36,-88.83;
-82.16,-68.45,-79.34,Inf,-88.18,-65.44,-94.85,-79.34;
-79.34,-91.84,-65.44,-88.18,Inf,-79.34,-71.46,-82.16;
-88.83,-82.35,-82.16,-71.46,-85.36,Inf,-88.18,-65.44;
-90.67,-99.99,-79.34,-94.85,-71.46,-82.16,Inf,-79.34;
-96.98,-93.68,-88.83,-85.36,-88.18,-65.44,-85.36,Inf}
 KOMONDOR SIMULATION 'sim_input_nodes_sce2c_deployment_07.csv' (seed 1992)
{69.89,17.28,5.68,5.22,15.90,8.60,17.20,112.28,16.20,12.52,3.99,13.29,13.98,17.20,8.52,3.99,10.14,12.44,32.72,11.52,9.91,2.76,1.77,6.76,18.28,3.69,1.38,0.92,4.45,5.84,1.00,1.00,21.50,3.76,0.15,1.08,2.53,4.22,2.07,3.00,4.68,32.26,5.68,4.61,3.61,0.15,0.46,0.61,4.22,4.68,4.07,4.15,145.54,24.73,26.96,28.88,15.21,21.35,28.42,74.34,3.76,14.59,13.29,1.84,13.75,12.75,14.36}
{8.86,0.13,0.00,1.58,16.73,15.44,19.90,20.07}
{Inf,-61.60,-67.99,-67.04,-59.98,-62.72,-65.72,Inf,-62.92,-62.06,-67.05,-62.28,-70.59,-58.55,-65.46,-68.46,-64.93,-68.76,Inf,-64.21,-68.80,-68.27,-67.44,-66.70,Inf,-70.78,-71.46,-66.60,-65.41,-60.60,-69.42,-66.93,Inf,-62.73,-65.95,-64.33,-64.17,-48.87,-61.86,-67.01,-60.42,Inf,-64.03,-64.83,-62.24,-65.52,-66.93,-64.00,-62.53,-44.86,-67.33,-62.48,Inf,-67.88,-57.58,-67.36,-62.72,-70.20,-44.89,Inf,-64.71,-59.62,-57.58,-67.51,-67.72,-66.52,-59.71}
{Inf,-85.36,-71.46,-88.18,-82.35,-91.84,-96.69,-99.99;
-82.35,Inf,-88.18,-71.46,-91.84,-82.35,-103.00,-93.68;
-68.45,-88.18,Inf,-85.36,-68.45,-85.17,-85.36,-91.84;
-85.17,-71.46,-85.36,Inf,-85.17,-68.45,-94.85,-82.35;
-82.35,-94.85,-71.46,-88.18,Inf,-82.35,-71.46,-85.17;
-91.84,-85.36,-88.18,-71.46,-82.35,Inf,-88.18,-68.45;
-93.68,-103.00,-85.36,-94.85,-68.45,-85.17,Inf,-82.35;
-99.99,-96.69,-94.85,-85.36,-85.17,-68.45,-85.36,Inf}
 KOMONDOR SIMULATION 'sim_input_nodes_sce2c_deployment_08.csv' (seed 1992)
{43.16,2.76,10.37,5.45,0.00,9.52,0.31,1.46,10.06,3.23,80.87,10.60,2.30,15.13,10.83,11.60,11.21,12.75,4.68,1.77,38.63,3.07,4.68,0.38,4.68,5.38,3.92,5.99,4.07,1.15,5.30,19.81,1.15,0.23,7.14,0.00,4.53,6.76,27.42,2.23,5.68,11.98,0.84,6.68,23.27,0.61,3.69,3.30,5.22,0.54,3.38,2.92,0.92,2.69,63.74,22.27,15.51,1.69,0.92,23.35,172.72,27.19,29.72,30.87,27.11,20.89,31.64,5.30}
{0.00,25.24,12.38,0.78,27.68,2.61,1.83,5.45}
{Inf,-69.97,-68.97,-71.00,-70.85,-68.17,-68.62,-67.28,-70.64,-69.99,Inf,-61.84,-67.50,-66.34,-60.74,-59.27,-58.13,-64.10,-67.44,-66.55,Inf,-65.57,-66.03,-64.03,-56.21,-62.72,-67.25,-52.72,-56.41,-66.45,-65.99,Inf,-66.49,-67.72,-57.93,-69.05,-68.09,-64.04,Inf,-63.64,-63.87,-58.91,-66.26,-67.45,Inf,-66.78,-67.01,-66.50,-57.23,-70.04,-61.31,-71.04,-67.47,-61.91,Inf,-57.38,-66.02,-68.16,-70.53,-58.62,Inf,-64.19,-65.06,-65.65,-67.14,-65.24,-68.50,-68.39}
{Inf,-82.35,-68.45,-88.18,-82.35,-94.85,-96.69,-103.00;
-85.36,Inf,-85.17,-71.46,-91.84,-85.36,-103.00,-96.69;
-71.46,-85.17,Inf,-85.36,-68.45,-88.18,-85.36,-94.85;
-88.18,-68.45,-82.35,Inf,-85.17,-71.46,-94.85,-85.36;
-85.36,-91.84,-68.45,-88.18,Inf,-85.36,-71.46,-88.18;
-94.85,-82.35,-85.17,-71.46,-82.35,Inf,-88.18,-71.46;
-96.69,-99.99,-82.35,-94.85,-68.45,-88.18,Inf,-85.36;
-103.00,-93.68,-91.84,-85.36,-85.17,-71.46,-85.36,Inf}
 KOMONDOR SIMULATION 'sim_input_nodes_sce2c_deployment_09.csv' (seed 1992)
{38.17,1.77,15.28,0.00,13.29,7.83,130.40,16.59,17.20,16.44,12.11,5.47,17.13,14.98,13.98,16.51,42.03,10.14,4.41,4.45,8.45,3.41,0.96,10.21,17.20,0.23,0.69,5.61,0.08,4.07,6.53,71.96,8.39,17.03,13.47,16.35,4.83,11.88,53.44,9.29,7.36,15.90,15.05,5.84,67.61,10.44,7.08,9.98,8.83,9.23,9.06,6.54,6.43,68.66,11.42,10.33,11.08,12.36,12.52,10.94}
{1.48,7.68,22.88,6.11,14.17,47.43,2.61,2.89}
{Inf,-69.58,-46.08,-70.36,-64.11,-68.57,Inf,-48.17,-58.67,-54.87,-63.07,-65.30,-52.67,-63.71,-64.53,-50.23,Inf,-40.73,-65.39,-58.62,-47.48,-64.88,-63.15,-60.29,Inf,-64.43,-63.40,-67.51,-66.79,-66.98,-63.90,Inf,-65.30,-59.59,-62.84,-63.68,-65.42,-64.40,Inf,-60.15,-62.10,-52.00,-59.95,-64.10,Inf,-57.00,-64.73,-58.45,-44.64,-61.82,-58.40,-64.97,-65.32,Inf,-62.95,-63.94,-59.50,-44.84,-46.79,-63.99}
{Inf,-79.34,-65.44,-85.17,-79.34,-91.84,-90.67,-96.98;
-85.36,Inf,-82.16,-68.45,-88.83,-82.35,-96.98,-90.67;
-71.46,-82.16,Inf,-82.35,-65.44,-85.17,-79.34,-88.83;
-88.18,-65.44,-79.34,Inf,-82.16,-68.45,-88.83,-79.34;
-85.36,-88.83,-65.44,-85.17,Inf,-82.35,-65.44,-82.16;
-94.85,-79.34,-82.16,-68.45,-79.34,Inf,-82.16,-65.44;
-96.69,-96.98,-79.34,-91.84,-65.44,-85.17,Inf,-79.34;
-103.00,-90.67,-88.83,-82.35,-82.16,-68.45,-79.34,Inf}
 KOMONDOR SIMULATION 'sim_input_nodes_sce2c_deployment_10.csv' (seed 1992)
{86.73,15.12,6.77,11.42,8.16,15.90,15.82,13.54,61.01,6.37,6.99,5.76,7.43,7.22,6.45,8.59,6.53,5.67,38.63,5.42,7.60,6.30,1.64,1.78,7.06,0.99,7.83,17.70,1.50,1.86,2.74,1.57,3.07,1.98,2.52,2.46,7.13,2.76,0.83,0.08,0.08,0.08,0.08,0.38,2.84,48.06,8.68,7.69,6.37,4.01,7.83,6.76,6.08,0.64,60.44,2.53,6.68,7.14,7.99,8.45,6.60,6.45,0.08,7.60,6.91,127.16,15.09,25.50,22.78,17.78,22.73,23.27}
{13.79,3.46,27.06,1.27,3.24,27.57,15.65,10.47}
{Inf,-59.60,-63.23,-63.74,-64.68,-56.28,-55.97,-63.15,Inf,-63.24,-67.83,-67.58,-67.12,-59.37,-59.79,-65.21,-59.59,-63.05,Inf,-62.89,-50.31,-51.93,-62.50,-63.11,-61.20,-64.65,-57.12,Inf,-65.13,-64.67,-63.82,-61.49,-50.61,-64.23,-64.95,-53.53,Inf,-57.99,-68.88,-64.76,-70.52,-68.45,-68.26,-64.51,-56.49,Inf,-55.51,-59.22,-58.20,-62.84,-52.66,-55.26,-61.15,-65.34,Inf,-67.02,-60.05,-66.07,-57.32,-61.54,-61.24,-62.07,-65.25,-67.53,-61.13,Inf,-65.32,-49.05,-62.15,-61.33,-50.87,-54.74}
{Inf,-82.35,-65.44,-82.16,-85.36,-88.83,-93.68,-96.98;
-79.34,Inf,-82.16,-65.44,-94.85,-79.34,-99.99,-90.67;
-65.44,-85.17,Inf,-79.34,-71.46,-82.16,-82.35,-88.83;
-82.16,-68.45,-79.34,Inf,-88.18,-65.44,-91.84,-79.34;
-79.34,-91.84,-65.44,-82.16,Inf,-79.34,-68.45,-82.16;
-88.83,-82.35,-82.16,-65.44,-85.36,Inf,-85.17,-65.44;
-90.67,-99.99,-79.34,-88.83,-71.46,-82.16,Inf,-79.34;
-96.98,-93.68,-88.83,-79.34,-88.18,-65.44,-82.35,Inf}
 KOMONDOR SIMULATION 'sim_input_nodes_sce2c_deployment_11.csv' (seed 1992)
{56.45,11.21,13.67,13.90,3.38,3.46,10.83,36.56,6.68,5.84,0.23,2.23,1.54,5.99,5.84,8.22,10.83,0.77,0.00,4.99,0.23,4.84,0.00,39.94,8.68,5.07,7.83,9.37,8.99,14.52,2.84,2.69,3.23,1.69,4.07,33.72,2.30,6.14,4.68,0.92,6.76,3.69,3.00,2.84,3.38,101.07,3.76,19.12,6.99,6.45,35.56,29.18,94.90,19.12,16.21,14.22,14.16,11.83,14.57,4.79}
{6.76,19.59,22.81,22.09,1.59,6.09,0.24,14.39}
{Inf,-66.36,-50.09,-67.70,-63.35,-62.21,-67.32,Inf,-61.44,-49.02,-65.30,-67.33,-60.72,-63.48,-67.64,-64.00,Inf,-62.85,-66.00,-58.69,-63.52,-61.14,-66.89,Inf,-60.72,-61.89,-57.50,-66.68,-68.32,Inf,-67.97,-67.09,-52.04,-66.30,-63.07,Inf,-71.03,-56.48,-62.60,-71.31,-54.68,-65.44,-67.68,-66.10,-69.45,Inf,-70.96,-69.81,-65.18,-67.21,-62.72,-63.37,Inf,-49.19,-61.06,-64.90,-60.39,-62.05,-63.23,-62.87}
{Inf,-82.35,-68.45,-85.17,-82.35,-94.85,-96.69,-96.98;
-82.35,Inf,-85.17,-68.45,-91.84,-85.36,-103.00,-90.67;
-68.45,-85.17,Inf,-82.35,-68.45,-88.18,-85.36,-88.83;
-85.17,-68.45,-82.35,Inf,-85.17,-71.46,-94.85,-79.34;
-82.35,-91.84,-68.45,-85.17,Inf,-85.36,-71.46,-82.16;
-91.84,-82.35,-85.17,-68.45,-82.35,Inf,-88.18,-65.44;
-93.68,-99.99,-82.35,-91.84,-68.45,-88.18,Inf,-79.34;
-99.99,-93.68,-91.84,-82.35,-85.17,-71.46,-85.36,Inf}
 KOMONDOR SIMULATION 'sim_input_nodes_sce2c_deployment_12.csv' (seed 1992)
{84.10,14.82,10.37,8.76,7.99,11.75,16.90,13.52,53.22,11.98,1.46,2.92,9.75,12.06,11.44,3.61,23.36,4.61,2.67,1.71,1.98,4.07,2.69,3.24,2.39,23.81,2.00,3.46,2.46,0.00,1.46,4.30,2.38,3.69,0.00,4.07,142.81,15.54,15.80,18.66,19.20,16.62,18.82,18.05,20.12,75.11,10.83,8.29,6.53,3.00,10.37,11.67,10.06,1.69,4.84,7.83,87.78,12.44,10.52,10.29,5.61,8.37,12.29,4.45,5.22,11.52,7.07,116.42,13.61,9.76,16.01,18.12,14.57,14.59,15.32,14.44}
{6.34,21.66,11.75,1.76,0.52,4.48,31.69,4.40}
{Inf,-66.31,-67.52,-66.74,-66.52,-60.86,-61.43,-54.29,Inf,-58.38,-68.30,-63.83,-60.69,-58.30,-61.62,-64.19,Inf,-53.19,-59.40,-61.99,-60.55,-49.16,-57.72,-64.35,-61.57,Inf,-70.80,-64.53,-63.93,-71.23,-70.31,-64.87,-68.48,-60.64,-70.90,-59.79,Inf,-64.47,-62.30,-58.05,-57.87,-61.53,-53.45,-57.77,-55.49,Inf,-49.12,-61.72,-61.44,-68.24,-48.98,-59.11,-60.91,-66.18,-68.36,-67.41,Inf,-57.35,-63.90,-62.60,-63.53,-67.19,-47.64,-66.27,-64.90,-62.91,-64.94,Inf,-59.79,-65.05,-63.19,-58.26,-60.06,-57.43,-60.39,-58.37}
{Inf,-82.35,-65.44,-88.18,-79.34,-91.84,-93.68,-96.98;
-82.35,Inf,-82.16,-71.46,-88.83,-82.35,-99.99,-90.67;
-68.45,-85.17,Inf,-85.36,-65.44,-85.17,-82.35,-88.83;
-85.17,-68.45,-79.34,Inf,-82.16,-68.45,-91.84,-79.34;
-82.35,-91.84,-65.44,-88.18,Inf,-82.35,-68.45,-82.16;
-91.84,-82.35,-82.16,-71.46,-79.34,Inf,-85.17,-65.44;
-93.68,-99.99,-79.34,-94.85,-65.44,-85.17,Inf,-79.34;
-99.99,-93.68,-88.83,-85.36,-82.16,-68.45,-82.35,Inf}
 KOMONDOR SIMULATION 'sim_input_nodes_sce2c_deployment_13.csv' (seed 1992)
{90.09,3.23,21.96,3.38,23.50,25.19,12.83,78.72,0.15,25.27,21.50,7.22,23.73,0.84,60.30,5.61,6.45,6.91,0.00,11.44,10.53,8.76,3.83,0.23,6.54,46.08,10.75,7.14,10.98,0.23,10.75,6.22,24.65,2.46,1.84,0.00,4.38,4.30,2.92,4.99,3.76,36.79,6.84,7.91,5.84,1.84,0.00,5.61,4.53,0.00,4.15,0.08,97.08,30.18,28.11,4.45,29.72,4.61,77.72,20.74,0.38,19.35,21.43,10.44,1.46,2.76,0.46,0.69}
{4.08,-13.68,38.33,0.00,6.60,0.75,10.33,0.66}
{Inf,-66.95,-57.70,-65.10,-62.97,-54.25,-65.01,Inf,-70.89,-69.34,-70.14,-65.00,-58.08,-66.21,Inf,-60.91,-57.69,-61.56,-65.30,-54.35,-63.78,-64.45,-63.59,-65.13,-64.63,Inf,-68.44,-68.44,-65.02,-70.83,-68.30,-70.75,Inf,-67.20,-67.68,-68.35,-59.73,-57.37,-67.15,-55.82,-52.33,Inf,-62.84,-51.42,-61.34,-66.49,-69.22,-71.16,-68.28,-68.87,-63.23,-67.56,Inf,-57.46,-58.98,-68.27,-63.55,-67.16,Inf,-65.33,-71.41,-54.60,-65.55,-66.56,-69.28,-65.00,-70.77,-68.39}
{Inf,-85.36,-65.44,-88.18,-82.35,-94.85,-93.68,-103.00;
-82.35,Inf,-82.16,-71.46,-91.84,-85.36,-99.99,-96.69;
-68.45,-88.18,Inf,-85.36,-68.45,-88.18,-82.35,-94.85;
-85.17,-71.46,-79.34,Inf,-85.17,-71.46,-91.84,-85.36;
-82.35,-94.85,-65.44,-88.18,Inf,-85.36,-68.45,-88.18;
-91.84,-85.36,-82.16,-71.46,-82.35,Inf,-85.17,-71.46;
-93.68,-103.00,-79.34,-94.85,-68.45,-88.18,Inf,-85.36;
-99.99,-96.69,-88.83,-85.36,-85.17,-71.46,-82.35,Inf}
 KOMONDOR SIMULATION 'sim_input_nodes_sce2c_deployment_14.csv' (seed 1992)
{122.48,14.21,12.04,11.49,10.81,15.82,10.19,13.98,16.67,17.28,136.21,19.97,18.59,18.28,12.54,18.82,20.12,12.72,15.18,19.51,0.08,0.15,1.69,0.23,3.00,1.38,1.23,5.45,6.30,0.00,66.33,7.30,3.89,9.75,9.75,7.05,9.79,5.80,7.92,5.09,36.33,0.31,10.68,1.69,8.14,0.15,15.36,88.25,20.73,19.58,1.82,21.04,4.10,20.97,67.28,15.67,4.07,14.90,11.37,14.82,6.45,47.23,0.92,12.90,3.99,16.82,12.60}
{11.52,0.84,8.65,18.97,0.51,33.49,8.86,12.14}
{Inf,-58.10,-61.48,-59.19,-60.18,-47.44,-61.91,-57.29,-54.35,-57.09,Inf,-50.98,-44.79,-57.77,-64.88,-57.56,-45.90,-64.11,-61.33,Inf,-71.05,-67.05,-64.42,-71.33,-64.48,-65.04,-65.61,-65.42,-59.04,-69.89,Inf,-58.20,-64.10,-49.87,-56.80,-62.07,-59.45,-63.74,-59.58,-63.67,Inf,-69.71,-65.93,-66.66,-67.88,-70.42,-55.88,Inf,-60.26,-50.46,-65.30,-57.96,-60.87,-56.32,Inf,-70.46,-67.90,-59.94,-62.83,-60.61,-67.17,Inf,-66.78,-64.17,-64.58,-55.15,-59.70}
{Inf,-79.34,-71.46,-82.16,-85.36,-88.83,-96.69,-99.99;
-79.34,Inf,-88.18,-65.44,-94.85,-79.34,-103.00,-93.68;
-65.44,-82.16,Inf,-79.34,-71.46,-82.16,-85.36,-91.84;
-82.16,-65.44,-85.36,Inf,-88.18,-65.44,-94.85,-82.35;
-79.34,-88.83,-71.46,-82.16,Inf,-79.34,-71.46,-85.17;
-88.83,-79.34,-88.18,-65.44,-85.36,Inf,-88.18,-68.45;
-90.67,-96.98,-85.36,-88.83,-71.46,-82.16,Inf,-82.35;
-96.98,-90.67,-94.85,-79.34,-88.18,-65.44,-85.36,Inf}
 KOMONDOR SIMULATION 'sim_input_nodes_sce2c_deployment_15.csv' (seed 1992)
{114.12,17.28,16.59,7.37,10.44,16.90,15.59,13.06,11.90,4.99,69.20,2.53,13.98,7.37,5.76,14.36,9.60,15.59,40.86,1.69,7.91,0.31,11.98,10.52,8.45,15.05,3.23,1.77,2.92,3.61,0.00,3.53,26.88,4.07,4.45,3.53,4.84,5.15,4.84,22.88,3.54,4.79,5.45,3.56,5.54,60.29,2.38,10.60,9.14,0.54,1.31,8.99,9.75,9.37,8.22,63.44,8.21,6.36,4.38,3.69,7.91,8.99,7.46,8.37,8.07}
{0.82,32.93,0.14,0.00,4.22,9.16,8.36,20.18}
{Inf,-63.36,-55.66,-68.87,-69.35,-65.97,-68.71,-69.94,-68.67,-69.04,Inf,-66.10,-63.59,-62.91,-66.33,-61.02,-64.69,-56.85,Inf,-69.78,-70.52,-70.74,-64.72,-67.45,-71.02,Inf,-71.30,-66.60,-55.92,-67.38,-70.27,-64.15,Inf,-60.28,-66.45,-57.30,-58.66,-43.43,-55.99,Inf,-64.61,-62.47,-55.55,-62.91,-60.45,Inf,-62.05,-50.76,-54.39,-68.36,-66.99,-61.87,-60.71,-43.36,-59.91,Inf,-61.98,-59.95,-64.88,-60.57,-52.74,-52.77,-59.64,-58.54,-59.84}
{Inf,-82.35,-71.46,-88.18,-82.35,-88.83,-93.68,-96.98;
-85.36,Inf,-88.18,-71.46,-91.84,-79.34,-99.99,-90.67;
-71.46,-85.17,Inf,-85.36,-68.45,-82.16,-82.35,-88.83;
-88.18,-68.45,-85.36,Inf,-85.17,-65.44,-91.84,-79.34;
-85.36,-91.84,-71.46,-88.18,Inf,-79.34,-68.45,-82.16;
-94.85,-82.35,-88.18,-71.46,-82.35,Inf,-85.17,-65.44;
-96.69,-99.99,-85.36,-94.85,-68.45,-82.16,Inf,-79.34;
-103.00,-93.68,-94.85,-85.36,-85.17,-65.44,-82.35,Inf}
 KOMONDOR SIMULATION 'sim_input_nodes_sce2c_deployment_16.csv' (seed 1992)
{61.79,4.92,11.98,11.83,11.75,9.10,12.21,77.48,9.22,4.30,5.30,9.37,9.68,8.83,9.75,10.52,10.51,43.06,13.52,3.10,10.20,14.50,1.74,22.56,0.83,6.68,7.91,0.15,4.22,0.38,2.38,55.26,5.91,8.22,5.89,3.71,5.23,6.22,7.60,3.90,2.87,5.69,23.12,2.38,2.76,4.61,0.92,4.07,4.68,3.69,41.31,4.22,7.99,5.06,7.52,5.46,7.22,0.21,3.63,113.74,17.20,4.92,15.67,16.05,15.74,16.28,14.67,13.21}
{10.33,2.64,24.70,12.58,13.71,2.11,9.49,9.51}
{Inf,-64.91,-50.83,-53.02,-56.55,-59.07,-56.38,Inf,-68.41,-65.49,-64.12,-56.78,-62.29,-54.49,-62.97,-67.81,-63.92,Inf,-50.56,-65.13,-64.16,-62.52,-64.53,Inf,-66.18,-65.17,-61.30,-65.14,-68.62,-68.56,-62.88,Inf,-63.06,-55.24,-67.56,-71.07,-65.33,-68.61,-64.14,-70.41,-71.24,-69.88,Inf,-61.32,-66.97,-64.86,-64.60,-51.35,-61.12,-62.93,Inf,-57.41,-54.28,-62.51,-61.00,-64.75,-52.06,-63.75,-61.95,Inf,-53.65,-67.89,-56.80,-59.05,-61.78,-59.90,-64.17,-59.94}
{Inf,-82.35,-65.44,-88.18,-85.36,-91.84,-90.67,-99.99;
-79.34,Inf,-82.16,-71.46,-94.85,-82.35,-96.98,-93.68;
-65.44,-85.17,Inf,-85.36,-71.46,-85.17,-79.34,-91.84;
-82.16,-68.45,-79.34,Inf,-88.18,-68.45,-88.83,-82.35;
-79.34,-91.84,-65.44,-88.18,Inf,-82.35,-65.44,-85.17;
-88.83,-82.35,-82.16,-71.46,-85.36,Inf,-82.16,-68.45;
-90.67,-99.99,-79.34,-94.85,-71.46,-85.17,Inf,-82.35;
-96.98,-93.68,-88.83,-85.36,-88.18,-68.45,-79.34,Inf}
 KOMONDOR SIMULATION 'sim_input_nodes_sce2c_deployment_17.csv' (seed 1992)
{98.92,18.59,21.27,14.52,16.90,10.29,17.36,58.52,0.38,1.77,1.77,13.36,14.36,5.91,0.92,10.75,9.29,21.27,1.31,5.91,5.99,0.84,7.22,23.27,3.99,3.38,2.15,0.61,4.07,3.69,1.08,4.30,18.51,4.61,4.15,0.38,3.99,0.84,1.46,1.15,1.92,31.49,7.45,9.68,7.14,0.23,6.99,60.36,7.53,5.30,5.99,8.14,3.99,7.22,7.30,3.92,3.30,7.68,64.60,11.29,5.34,7.83,9.91,8.96,10.29,10.98}
{12.85,-0.83,3.82,7.33,11.39,4.28,3.73,16.63}
{Inf,-49.92,-67.37,-58.63,-57.90,-64.45,-62.02,Inf,-71.24,-68.81,-69.07,-57.20,-50.49,-67.10,-69.72,-64.36,-61.27,Inf,-67.42,-67.25,-66.05,-64.88,-63.88,Inf,-67.86,-58.63,-61.97,-64.66,-58.16,-66.62,-67.67,-68.38,Inf,-63.78,-68.11,-67.60,-65.52,-67.80,-60.37,-63.01,-66.73,Inf,-63.52,-65.81,-58.31,-67.33,-59.64,Inf,-67.73,-67.10,-55.10,-68.43,-67.01,-56.86,-47.77,-65.63,-67.16,-52.03,Inf,-47.77,-64.55,-58.48,-53.62,-62.86,-56.65,-52.66}
{Inf,-85.36,-68.45,-85.17,-82.35,-91.84,-93.68,-96.98;
-82.35,Inf,-85.17,-68.45,-91.84,-82.35,-99.99,-90.67;
-68.45,-88.18,Inf,-82.35,-68.45,-85.17,-82.35,-88.83;
-85.17,-71.46,-82.35,Inf,-85.17,-68.45,-91.84,-79.34;
-82.35,-94.85,-68.45,-85.17,Inf,-82.35,-68.45,-82.16;
-91.84,-85.36,-85.17,-68.45,-82.35,Inf,-85.17,-65.44;
-93.68,-103.00,-82.35,-91.84,-68.45,-85.17,Inf,-79.34;
-99.99,-96.69,-91.84,-82.35,-85.17,-68.45,-82.35,Inf}
 KOMONDOR SIMULATION 'sim_input_nodes_sce2c_deployment_18.csv' (seed 1992)
{70.35,3.76,15.05,2.53,6.99,11.75,15.51,14.75,43.78,0.77,0.54,9.45,2.92,9.45,9.91,3.76,6.99,3.84,0.08,1.38,0.61,1.15,0.61,34.39,4.92,1.50,1.71,5.06,2.80,3.69,5.20,3.01,5.76,0.73,12.44,0.08,0.23,0.15,5.53,6.45,19.74,0.15,3.15,3.38,2.00,2.92,2.23,2.46,2.23,1.23,65.36,2.64,13.47,13.21,6.96,13.41,15.67,19.89,4.45,2.07,0.54,6.76,1.46,4.61}
{5.35,8.31,3.80,27.23,0.00,12.12,25.63,3.35}
{Inf,-64.40,-66.16,-66.56,-61.31,-67.79,-63.79,-63.89,Inf,-69.77,-71.22,-59.24,-71.16,-70.61,-58.43,-62.82,-63.44,Inf,-68.05,-59.24,-64.40,-65.25,-62.78,Inf,-57.94,-63.71,-62.41,-61.01,-63.34,-60.12,-63.12,-63.10,-57.23,-65.21,Inf,-67.78,-67.52,-68.31,-66.62,-58.02,Inf,-67.90,-55.24,-57.99,-60.82,-57.55,-55.08,-59.19,-66.40,-62.35,Inf,-64.93,-63.42,-58.48,-64.15,-60.30,-57.26,Inf,-59.73,-67.59,-69.61,-60.04,-64.14,-66.39}
{Inf,-85.36,-68.45,-82.16,-82.35,-91.84,-90.67,-103.00;
-82.35,Inf,-85.17,-65.44,-91.84,-82.35,-96.98,-96.69;
-68.45,-88.18,Inf,-79.34,-68.45,-85.17,-79.34,-94.85;
-85.17,-71.46,-82.35,Inf,-85.17,-68.45,-88.83,-85.36;
-82.35,-94.85,-68.45,-82.16,Inf,-82.35,-65.44,-88.18;
-91.84,-85.36,-85.17,-65.44,-82.35,Inf,-82.16,-71.46;
-93.68,-103.00,-82.35,-88.83,-68.45,-85.17,Inf,-85.36;
-99.99,-96.69,-91.84,-79.34,-85.17,-68.45,-79.34,Inf}
 KOMONDOR SIMULATION 'sim_input_nodes_sce2c_deployment_19.csv' (seed 1992)
{72.65,5.76,17.82,11.60,16.05,3.69,17.74,138.22,25.27,25.65,23.53,25.19,15.18,23.39,44.24,6.14,7.22,5.61,7.83,7.60,3.76,6.07,59.19,6.42,9.52,8.28,6.96,9.83,4.51,8.14,5.52,32.33,3.69,1.69,12.21,11.14,3.61,58.02,1.78,10.47,10.94,13.29,10.26,11.29,24.27,0.00,10.68,0.15,0.00,3.46,0.00,9.98,176.03,37.63,35.64,5.15,32.49,34.87,30.26}
{7.07,0.00,4.73,1.12,14.71,4.03,0.27,6.90}
{Inf,-66.62,-65.13,-57.54,-66.42,-66.42,-48.86,Inf,-56.78,-56.66,-61.42,-50.09,-65.07,-63.06,Inf,-55.51,-58.60,-60.75,-48.86,-46.52,-62.72,-58.32,Inf,-64.54,-53.68,-61.00,-64.97,-54.79,-65.05,-53.37,-64.55,Inf,-63.89,-66.26,-54.09,-58.48,-67.74,Inf,-65.36,-63.95,-62.70,-51.55,-59.07,-63.48,Inf,-70.53,-64.37,-71.31,-70.93,-65.58,-71.24,-58.22,Inf,-59.17,-61.34,-67.61,-62.40,-58.13,-49.50}
{Inf,-79.34,-65.44,-82.16,-82.35,-88.83,-96.69,-99.99;
-82.35,Inf,-82.16,-65.44,-91.84,-79.34,-103.00,-93.68;
-68.45,-82.16,Inf,-79.34,-68.45,-82.16,-85.36,-91.84;
-85.17,-65.44,-79.34,Inf,-85.17,-65.44,-94.85,-82.35;
-82.35,-88.83,-65.44,-82.16,Inf,-79.34,-71.46,-85.17;
-91.84,-79.34,-82.16,-65.44,-82.35,Inf,-88.18,-68.45;
-93.68,-96.98,-79.34,-88.83,-68.45,-82.16,Inf,-82.35;
-99.99,-90.67,-88.83,-79.34,-85.17,-65.44,-85.36,Inf}
 KOMONDOR SIMULATION 'sim_input_nodes_sce2c_deployment_20.csv' (seed 1992)
{121.42,24.76,28.49,25.17,20.70,22.30,112.78,13.18,20.86,23.04,13.36,22.09,20.25,58.60,11.44,9.91,9.98,11.90,9.98,5.38,35.02,5.22,0.23,0.31,7.14,6.53,6.84,0.77,3.61,4.38,66.97,17.59,15.51,9.14,15.90,8.83,24.81,1.77,4.22,3.61,0.77,5.61,5.76,3.07,0.00,122.15,21.27,18.06,19.49,22.50,19.08,21.73,81.33,16.51,16.28,15.13,17.59,15.82}
{0.18,0.00,7.96,11.38,31.78,18.48,1.62,4.00}
{Inf,-63.10,-57.22,-62.24,-64.45,-60.69,Inf,-65.32,-62.14,-54.69,-65.31,-60.26,-62.54,Inf,-61.30,-56.36,-60.54,-56.51,-60.32,-66.44,Inf,-55.80,-66.84,-68.11,-67.39,-62.90,-65.98,-64.17,-66.16,-67.26,Inf,-63.05,-61.75,-66.80,-55.64,-62.04,Inf,-60.87,-57.43,-59.02,-66.96,-55.25,-57.54,-62.90,-68.24,Inf,-60.97,-63.69,-61.66,-61.35,-62.78,-57.78,Inf,-64.88,-68.02,-59.32,-63.07,-67.41}
{Inf,-79.34,-68.45,-85.17,-82.35,-91.84,-90.67,-99.99;
-79.34,Inf,-85.17,-68.45,-91.84,-82.35,-96.98,-93.68;
-65.44,-82.16,Inf,-82.35,-68.45,-85.17,-79.34,-91.84;
-82.16,-65.44,-82.35,Inf,-85.17,-68.45,-88.83,-82.35;
-79.34,-88.83,-68.45,-85.17,Inf,-82.35,-65.44,-85.17;
-88.83,-79.34,-85.17,-68.45,-82.35,Inf,-82.16,-68.45;
-90.67,-96.98,-82.35,-91.84,-68.45,-85.17,Inf,-82.35;
-96.98,-90.67,-91.84,-82.35,-85.17,-68.45,-79.34,Inf}
 KOMONDOR SIMULATION 'sim_input_nodes_sce2c_deployment_21.csv' (seed 1992)
{55.32,7.72,1.84,0.23,5.76,2.53,6.97,7.14,9.91,4.68,8.52,58.63,6.50,4.20,7.59,9.64,7.11,5.81,9.68,2.39,5.70,16.13,1.23,0.54,0.00,1.38,2.38,0.38,1.38,3.23,3.07,2.53,41.24,13.67,15.36,3.48,8.23,0.50,25.58,3.90,4.45,4.10,4.24,5.22,3.66,44.76,4.76,4.92,0.56,4.83,3.81,5.68,6.07,4.22,5.15,4.76,90.32,12.52,13.21,11.37,9.29,15.05,13.67,13.98,1.23,105.13,16.20,12.24,15.51,13.75,13.68,4.56,15.28,13.90}
{1.28,21.25,2.47,22.05,6.44,13.24,14.10,13.45}
{Inf,-67.70,-66.92,-66.48,-66.13,-65.99,-65.08,-67.84,-55.88,-66.96,-55.27,Inf,-62.99,-65.40,-59.02,-63.63,-60.56,-60.99,-53.34,-62.72,-65.37,Inf,-70.93,-69.15,-67.01,-64.29,-68.88,-69.99,-70.79,-46.97,-57.84,-56.08,Inf,-59.30,-60.51,-67.19,-66.56,-67.95,Inf,-60.90,-58.74,-63.24,-62.25,-56.61,-64.68,Inf,-55.91,-56.74,-64.25,-59.56,-63.22,-57.70,-54.55,-52.67,-51.68,-43.22,Inf,-60.55,-67.20,-53.32,-67.61,-59.04,-58.53,-63.40,-68.06,Inf,-52.91,-62.14,-58.70,-56.75,-59.90,-65.25,-56.66,-52.41}
{Inf,-79.34,-71.46,-85.17,-79.34,-88.83,-93.68,-96.98;
-82.35,Inf,-88.18,-68.45,-88.83,-79.34,-99.99,-90.67;
-68.45,-82.16,Inf,-82.35,-65.44,-82.16,-82.35,-88.83;
-85.17,-65.44,-85.36,Inf,-82.16,-65.44,-91.84,-79.34;
-82.35,-88.83,-71.46,-85.17,Inf,-79.34,-68.45,-82.16;
-91.84,-79.34,-88.18,-68.45,-79.34,Inf,-85.17,-65.44;
-93.68,-96.98,-85.36,-91.84,-65.44,-82.16,Inf,-79.34;
-99.99,-90.67,-94.85,-82.35,-82.16,-65.44,-82.35,Inf}
 KOMONDOR SIMULATION 'sim_input_nodes_sce2c_deployment_22.csv' (seed 1992)
{83.40,13.06,14.28,18.59,0.84,6.84,13.13,16.67,137.24,6.37,19.97,3.92,25.65,30.80,0.23,30.34,19.97,27.88,4.68,3.92,4.99,3.38,4.99,0.23,5.68,24.22,4.58,2.80,7.22,5.10,4.51,41.83,11.90,12.67,5.75,10.14,1.37,76.03,13.13,11.22,11.29,4.38,0.54,8.21,14.28,12.98,42.42,0.84,6.76,4.50,6.30,2.28,5.68,3.15,5.88,1.20,5.84,71.04,9.22,10.68,2.46,6.76,13.06,6.84,10.37,11.67}
{1.91,5.74,7.41,3.64,10.00,13.52,20.80,16.11}
{Inf,-71.15,-70.85,-59.66,-68.01,-68.89,-63.09,-58.48,Inf,-69.30,-71.31,-68.57,-62.23,-53.35,-71.11,-57.61,-66.71,Inf,-60.34,-55.39,-55.80,-63.24,-55.63,-65.27,-44.44,Inf,-60.44,-63.26,-45.98,-64.10,-63.59,Inf,-49.62,-47.90,-65.34,-55.47,-65.08,Inf,-47.32,-61.53,-61.27,-59.26,-64.06,-65.30,-52.87,-54.40,Inf,-64.99,-51.35,-64.99,-57.21,-64.80,-51.24,-62.98,-62.33,-64.85,-50.33,Inf,-65.97,-59.91,-65.52,-58.16,-68.05,-60.03,-68.40,-60.89}
{Inf,-85.36,-68.45,-82.16,-79.34,-88.83,-90.67,-99.99;
-85.36,Inf,-85.17,-65.44,-88.83,-79.34,-96.98,-93.68;
-71.46,-88.18,Inf,-79.34,-65.44,-82.16,-79.34,-91.84;
-88.18,-71.46,-82.35,Inf,-82.16,-65.44,-88.83,-82.35;
-85.36,-94.85,-68.45,-82.16,Inf,-79.34,-65.44,-85.17;
-94.85,-85.36,-85.17,-65.44,-79.34,Inf,-82.16,-68.45;
-96.69,-103.00,-82.35,-88.83,-65.44,-82.16,Inf,-82.35;
-103.00,-96.69,-91.84,-79.34,-82.16,-65.44,-79.34,Inf}
 KOMONDOR SIMULATION 'sim_input_nodes_sce2c_deployment_23.csv' (seed 1992)
{71.58,16.97,16.82,8.22,15.36,14.21,191.08,42.39,35.56,18.82,41.40,52.92,110.49,17.13,14.28,3.83,17.74,13.27,16.67,16.36,11.22,11.15,0.72,1.38,1.50,1.23,1.00,2.00,1.14,1.15,1.03,65.69,10.94,12.98,13.27,13.90,4.88,9.71,10.68,2.23,3.46,0.08,2.46,0.31,0.08,0.15,1.92,114.20,19.20,24.49,24.08,20.86,25.57,84.02,3.92,15.36,12.98,7.37,6.45,13.52,13.75,10.68}
{2.47,0.61,23.41,0.56,14.47,0.36,6.89,35.90}
{Inf,-56.64,-64.84,-65.97,-60.44,-61.64,Inf,-69.58,-62.87,-69.83,-70.64,-69.29,Inf,-53.55,-55.72,-61.88,-53.19,-63.81,-44.01,-50.15,-60.75,Inf,-64.54,-58.67,-60.97,-62.11,-59.01,-55.77,-64.60,-57.71,-60.73,Inf,-61.63,-56.36,-61.07,-58.51,-65.12,-63.57,Inf,-68.64,-60.97,-68.69,-65.70,-69.04,-66.54,-71.40,-69.95,Inf,-64.21,-59.72,-59.85,-63.59,-57.84,Inf,-64.52,-61.99,-61.39,-67.47,-66.44,-61.80,-57.55,-66.77}
{Inf,-85.36,-65.44,-82.16,-79.34,-94.85,-90.67,-99.99;
-82.35,Inf,-82.16,-65.44,-88.83,-85.36,-96.98,-93.68;
-68.45,-88.18,Inf,-79.34,-65.44,-88.18,-79.34,-91.84;
-85.17,-71.46,-79.34,Inf,-82.16,-71.46,-88.83,-82.35;
-82.35,-94.85,-65.44,-82.16,Inf,-85.36,-65.44,-85.17;
-91.84,-85.36,-82.16,-65.44,-79.34,Inf,-82.16,-68.45;
-93.68,-103.00,-79.34,-88.83,-65.44,-88.18,Inf,-82.35;
-99.99,-96.69,-88.83,-79.34,-82.16,-71.46,-79.34,Inf}
 KOMONDOR SIMULATION 'sim_input_nodes_sce2c_deployment_24.csv' (seed 1992)
{136.77,17.34,21.66,22.44,19.97,18.13,20.51,16.74,100.51,15.53,14.32,12.90,18.47,15.87,23.42,50.38,0.77,8.76,6.14,8.99,6.07,8.99,10.68,52.26,5.27,5.40,4.76,2.94,5.75,6.29,6.60,5.75,6.22,3.28,21.50,4.76,3.92,0.15,0.77,4.22,1.92,0.08,0.38,5.30,37.53,3.76,3.56,3.42,4.84,5.91,3.97,4.07,4.31,3.69,57.75,2.00,4.30,7.14,7.83,2.84,9.68,3.30,10.83,4.22,5.61,26.57,0.38,3.92,4.92,4.45,1.46,4.92,6.37,0.15}
{0.00,7.00,9.50,16.32,20.46,7.92,1.82,3.76}
{Inf,-64.71,-47.49,-62.94,-49.22,-62.51,-57.34,-64.62,Inf,-62.87,-65.01,-65.31,-60.97,-63.99,-53.59,Inf,-64.96,-60.19,-61.89,-61.20,-66.20,-59.65,-47.39,Inf,-60.50,-60.78,-58.07,-64.23,-59.36,-63.12,-49.19,-60.30,-55.27,-63.95,Inf,-54.89,-56.03,-65.55,-62.41,-67.53,-61.99,-65.21,-63.14,-67.88,Inf,-61.65,-60.97,-62.96,-57.35,-42.54,-59.67,-54.69,-63.12,-61.87,Inf,-68.01,-67.16,-63.85,-71.08,-68.46,-70.21,-68.61,-61.62,-70.36,-69.38,Inf,-68.33,-68.39,-67.83,-62.66,-67.39,-61.74,-67.91,-68.00}
{Inf,-79.34,-68.45,-82.16,-82.35,-88.83,-96.69,-99.99;
-79.34,Inf,-85.17,-65.44,-91.84,-79.34,-103.00,-93.68;
-65.44,-82.16,Inf,-79.34,-68.45,-82.16,-85.36,-91.84;
-82.16,-65.44,-82.35,Inf,-85.17,-65.44,-94.85,-82.35;
-79.34,-88.83,-68.45,-82.16,Inf,-79.34,-71.46,-85.17;
-88.83,-79.34,-85.17,-65.44,-82.35,Inf,-88.18,-68.45;
-90.67,-96.98,-82.35,-88.83,-68.45,-82.16,Inf,-82.35;
-96.98,-90.67,-91.84,-79.34,-85.17,-65.44,-85.36,Inf}
 KOMONDOR SIMULATION 'sim_input_nodes_sce2c_deployment_25.csv' (seed 1992)
{124.42,14.44,8.52,13.13,13.67,9.45,14.13,13.13,13.13,14.13,10.68,88.22,1.64,15.51,4.38,12.83,15.44,12.52,10.47,15.44,23.58,8.68,1.61,5.53,3.76,3.76,0.23,74.19,15.44,13.75,13.21,4.07,12.98,14.75,16.90,2.46,3.07,2.69,2.30,0.15,0.54,1.23,1.84,2.61,40.47,3.07,7.30,3.00,7.99,0.61,0.46,3.00,6.53,0.54,7.99,163.66,31.95,33.56,29.26,4.15,28.11,3.00,33.64,57.56,2.60,10.44,0.84,10.37,8.28,2.87,9.68,3.06,3.90,5.53}
{3.87,36.22,15.50,5.52,4.40,12.59,0.39,50.98}
{Inf,-57.32,-65.39,-57.92,-49.16,-65.44,-65.03,-50.72,-57.32,-67.54,-61.81,Inf,-65.13,-51.59,-64.15,-58.11,-58.07,-60.96,-60.88,-55.87,Inf,-65.90,-65.32,-60.06,-63.92,-63.09,-70.61,Inf,-59.71,-56.22,-66.97,-66.80,-64.55,-64.04,Inf,-62.45,-54.65,-65.93,-65.83,-66.40,-64.12,-63.82,-68.10,-67.23,Inf,-67.53,-64.01,-67.19,-65.72,-67.57,-68.23,-68.19,-62.66,-68.26,-60.45,Inf,-68.51,-58.75,-64.87,-70.00,-69.53,-69.93,-53.87,Inf,-61.84,-58.02,-64.83,-51.45,-60.25,-62.21,-57.08,-65.02,-60.88,-57.97}
{Inf,-79.34,-71.46,-85.17,-82.35,-91.84,-96.69,-96.98;
-82.35,Inf,-88.18,-68.45,-91.84,-82.35,-103.00,-90.67;
-68.45,-82.16,Inf,-82.35,-68.45,-85.17,-85.36,-88.83;
-85.17,-65.44,-85.36,Inf,-85.17,-68.45,-94.85,-79.34;
-82.35,-88.83,-71.46,-85.17,Inf,-82.35,-71.46,-82.16;
-91.84,-79.34,-88.18,-68.45,-82.35,Inf,-88.18,-65.44;
-93.68,-96.98,-85.36,-91.84,-68.45,-85.17,Inf,-79.34;
-99.99,-90.67,-94.85,-82.35,-85.17,-68.45,-85.36,Inf}
 KOMONDOR SIMULATION 'sim_input_nodes_sce2c_deployment_26.csv' (seed 1992)
{124.49,15.90,16.20,5.53,18.82,14.21,14.90,15.82,8.68,14.44,50.23,5.61,11.21,7.99,10.29,10.83,4.30,14.13,2.92,0.00,4.53,2.23,2.23,0.00,2.23,14.75,1.00,0.15,6.53,0.15,1.46,5.45,0.00,11.52,1.54,0.15,1.77,1.23,1.31,1.84,2.15,0.23,1.31,32.10,4.38,5.76,4.30,0.15,2.07,5.61,4.53,5.30,116.12,28.19,5.84,23.35,8.29,29.26,21.20,117.99,14.09,22.04,23.65,21.61,14.64,21.96}
{11.58,12.42,3.15,28.02,1.36,12.53,19.61,-0.00}
{Inf,-60.58,-58.27,-66.86,-64.43,-63.47,-54.65,-58.44,-61.72,-62.35,Inf,-65.26,-46.33,-64.40,-67.72,-61.03,-67.40,Inf,-69.63,-68.73,-60.79,-62.10,-65.19,-70.65,-65.22,Inf,-63.68,-65.51,-56.96,-66.60,-62.28,-65.03,-67.72,Inf,-60.98,-66.70,-61.89,-63.42,-54.90,-60.91,-59.52,-68.36,-67.93,Inf,-60.78,-61.72,-58.59,-65.35,-66.84,-67.64,-66.69,-57.61,Inf,-54.46,-66.14,-63.27,-67.71,-60.31,-61.56,Inf,-65.41,-57.99,-53.24,-61.62,-65.23,-61.77}
{Inf,-82.35,-71.46,-85.17,-82.35,-91.84,-93.68,-96.98;
-82.35,Inf,-88.18,-68.45,-91.84,-82.35,-99.99,-90.67;
-68.45,-85.17,Inf,-82.35,-68.45,-85.17,-82.35,-88.83;
-85.17,-68.45,-85.36,Inf,-85.17,-68.45,-91.84,-79.34;
-82.35,-91.84,-71.46,-85.17,Inf,-82.35,-68.45,-82.16;
-91.84,-82.35,-88.18,-68.45,-82.35,Inf,-85.17,-65.44;
-93.68,-99.99,-85.36,-91.84,-68.45,-85.17,Inf,-79.34;
-99.99,-93.68,-94.85,-82.35,-85.17,-68.45,-82.35,Inf}
 KOMONDOR SIMULATION 'sim_input_nodes_sce2c_deployment_27.csv' (seed 1992)
{70.27,20.28,11.75,0.00,18.05,20.20,140.39,34.87,12.90,26.57,17.36,14.05,34.64,23.65,4.38,4.15,3.53,0.08,0.54,2.84,2.92,0.23,1.69,3.30,53.45,9.91,9.22,7.30,8.06,10.21,8.76,45.62,8.60,12.67,3.00,0.15,13.21,7.99,56.60,2.46,15.44,14.90,12.72,11.08,148.08,19.12,16.36,19.81,19.58,18.05,19.81,18.51,16.83,114.89,13.36,10.44,28.42,8.37,26.11,28.19}
{0.12,1.09,17.10,10.44,25.94,26.17,12.91,10.07}
{Inf,-70.83,-63.78,-71.45,-61.35,-70.94,Inf,-63.23,-68.48,-70.18,-62.56,-66.11,-62.13,Inf,-64.03,-52.79,-53.98,-65.30,-67.59,-59.25,-63.42,-66.10,-65.26,-61.56,Inf,-60.04,-51.04,-61.86,-57.84,-63.41,-67.59,Inf,-66.77,-66.24,-65.14,-68.40,-57.72,-63.76,Inf,-63.79,-56.32,-54.01,-59.11,-59.56,Inf,-54.24,-50.61,-58.59,-53.16,-56.35,-51.32,-54.29,-63.72,Inf,-62.86,-66.34,-61.22,-66.28,-68.01,-46.67}
{Inf,-85.36,-68.45,-85.17,-82.35,-88.83,-90.67,-99.99;
-85.36,Inf,-85.17,-68.45,-91.84,-79.34,-96.98,-93.68;
-71.46,-88.18,Inf,-82.35,-68.45,-82.16,-79.34,-91.84;
-88.18,-71.46,-82.35,Inf,-85.17,-65.44,-88.83,-82.35;
-85.36,-94.85,-68.45,-85.17,Inf,-79.34,-65.44,-85.17;
-94.85,-85.36,-85.17,-68.45,-82.35,Inf,-82.16,-68.45;
-96.69,-103.00,-82.35,-91.84,-68.45,-82.16,Inf,-82.35;
-103.00,-96.69,-91.84,-82.35,-85.17,-65.44,-79.34,Inf}
 KOMONDOR SIMULATION 'sim_input_nodes_sce2c_deployment_28.csv' (seed 1992)
{13.13,1.08,3.92,4.15,3.84,0.15,91.67,11.37,13.67,1.46,11.18,11.60,6.28,12.90,6.58,8.30,8.33,17.11,3.53,2.00,1.76,2.99,1.08,2.38,2.00,1.08,0.15,0.15,109.06,12.44,13.44,10.88,8.34,8.96,3.56,13.90,14.13,12.06,11.35,58.77,10.60,3.08,9.60,9.98,4.92,8.01,3.28,9.29,140.20,23.58,23.58,23.04,20.97,18.13,11.90,19.02,90.80,9.99,7.80,4.01,10.19,5.34,9.58,11.83,11.98,11.15,8.94,31.78,1.15,1.84,7.53,1.76,5.30,0.45,1.15,2.30,10.06,0.23}
{0.26,26.11,8.48,5.39,42.35,4.16,6.82,33.54}
{Inf,-66.04,-55.90,-59.86,-64.39,-67.34,Inf,-63.25,-57.82,-70.07,-66.13,-64.20,-71.11,-56.71,-67.33,-71.35,-70.29,Inf,-66.08,-59.17,-63.95,-63.34,-59.47,-62.00,-56.29,-62.70,-67.68,-66.51,Inf,-47.02,-57.28,-63.68,-64.86,-61.88,-65.02,-47.36,-51.26,-45.67,-62.44,Inf,-55.19,-66.27,-54.27,-61.51,-64.17,-67.39,-65.86,-61.27,Inf,-53.19,-50.85,-41.22,-51.75,-62.30,-65.22,-63.79,Inf,-61.17,-65.33,-65.07,-60.22,-65.27,-59.21,-60.39,-58.31,-60.78,-64.67,Inf,-64.84,-67.01,-67.42,-63.65,-60.52,-66.74,-66.48,-65.70,-52.33,-67.49}
{Inf,-85.36,-68.45,-82.16,-82.35,-88.83,-90.67,-99.99;
-82.35,Inf,-85.17,-65.44,-91.84,-79.34,-96.98,-93.68;
-68.45,-88.18,Inf,-79.34,-68.45,-82.16,-79.34,-91.84;
-85.17,-71.46,-82.35,Inf,-85.17,-65.44,-88.83,-82.35;
-82.35,-94.85,-68.45,-82.16,Inf,-79.34,-65.44,-85.17;
-91.84,-85.36,-85.17,-65.44,-82.35,Inf,-82.16,-68.45;
-93.68,-103.00,-82.35,-88.83,-68.45,-82.16,Inf,-82.35;
-99.99,-96.69,-91.84,-79.34,-85.17,-65.44,-79.34,Inf}
 KOMONDOR SIMULATION 'sim_input_nodes_sce2c_deployment_29.csv' (seed 1992)
{42.16,5.38,2.07,6.60,4.99,1.69,0.69,0.69,7.45,4.99,7.60,80.78,11.21,0.72,11.29,11.98,2.52,11.43,10.29,8.14,1.31,11.90,50.50,10.98,7.80,9.37,10.52,11.83,6.59,0.21,0.44,1.92,3.84,0.18,35.85,5.78,3.10,3.37,4.84,5.80,6.50,6.45,52.38,4.88,9.44,10.29,4.38,6.84,8.69,7.39,0.48,66.87,8.60,10.33,3.21,11.42,10.67,2.12,0.66,10.75,9.10,87.00,12.75,11.67,15.97,10.52,7.78,1.14,14.37,12.79}
{1.80,21.59,24.38,5.25,14.96,27.32,43.84,36.09}
{Inf,-63.31,-64.36,-56.86,-67.92,-65.15,-69.37,-69.86,-51.64,-60.49,-56.67,Inf,-64.62,-70.79,-62.07,-69.87,-69.32,-70.32,-59.33,-66.27,-68.25,-68.27,Inf,-55.92,-61.25,-46.65,-57.05,-63.94,Inf,-68.88,-65.91,-61.36,-51.27,-70.21,Inf,-60.76,-61.05,-60.89,-56.51,-60.11,-59.10,-58.17,Inf,-65.25,-62.94,-53.59,-57.98,-61.80,-60.02,-59.76,-62.47,Inf,-57.13,-59.27,-61.65,-63.71,-59.86,-63.27,-64.11,-54.99,-59.68,Inf,-57.94,-55.24,-58.38,-58.74,-59.69,-65.04,-60.93,-62.81}
{Inf,-85.36,-65.44,-88.18,-79.34,-88.83,-90.67,-96.98;
-85.36,Inf,-82.16,-71.46,-88.83,-79.34,-96.98,-90.67;
-71.46,-88.18,Inf,-85.36,-65.44,-82.16,-79.34,-88.83;
-88.18,-71.46,-79.34,Inf,-82.16,-65.44,-88.83,-79.34;
-85.36,-94.85,-65.44,-88.18,Inf,-79.34,-65.44,-82.16;
-94.85,-85.36,-82.16,-71.46,-79.34,Inf,-82.16,-65.44;
-96.69,-103.00,-79.34,-94.85,-65.44,-82.16,Inf,-79.34;
-103.00,-96.69,-88.83,-85.36,-82.16,-65.44,-79.34,Inf}
 KOMONDOR SIMULATION 'sim_input_nodes_sce2c_deployment_30.csv' (seed 1992)
{37.32,6.53,6.99,2.84,3.84,3.15,5.68,5.91,2.38,126.13,22.20,28.26,28.26,25.65,21.75,21.12,0.08,0.84,7.53,6.45,5.84,0.38,70.12,14.52,15.59,19.20,6.68,14.13,23.03,2.41,2.89,1.92,1.85,5.13,8.83,5.28,0.68,0.72,0.12,0.84,0.27,1.38,0.84,0.41,103.02,16.42,19.51,11.29,11.60,10.81,18.43,14.98,82.47,21.27,16.44,10.83,17.36,2.83,9.75,3.99}
{0.36,0.54,10.89,48.99,40.12,2.36,18.04,14.19}
{Inf,-62.31,-65.17,-67.82,-64.56,-64.08,-66.44,-61.29,-67.09,Inf,-64.28,-58.00,-58.74,-60.07,-62.52,Inf,-65.67,-65.81,-60.98,-63.49,-60.39,-69.04,Inf,-57.43,-62.58,-65.46,-59.99,-60.12,Inf,-63.50,-60.12,-64.33,-59.19,-60.42,-50.47,Inf,-60.34,-64.33,-64.25,-56.31,-65.24,-52.61,-53.35,-63.84,Inf,-59.41,-55.70,-59.20,-58.44,-62.39,-49.30,-60.79,Inf,-62.41,-65.13,-60.36,-57.98,-65.32,-62.86,-68.24}
{Inf,-79.34,-71.46,-85.17,-79.34,-88.83,-90.67,-103.00;
-82.35,Inf,-88.18,-68.45,-88.83,-79.34,-96.98,-96.69;
-68.45,-82.16,Inf,-82.35,-65.44,-82.16,-79.34,-94.85;
-85.17,-65.44,-85.36,Inf,-82.16,-65.44,-88.83,-85.36;
-82.35,-88.83,-71.46,-85.17,Inf,-79.34,-65.44,-88.18;
-91.84,-79.34,-88.18,-68.45,-79.34,Inf,-82.16,-71.46;
-93.68,-96.98,-85.36,-91.84,-65.44,-82.16,Inf,-85.36;
-99.99,-90.67,-94.85,-82.35,-82.16,-65.44,-79.34,Inf}
 KOMONDOR SIMULATION 'sim_input_nodes_sce2c_deployment_31.csv' (seed 1992)
{82.79,3.07,8.52,4.76,4.30,4.76,13.13,13.82,11.98,4.61,13.82,56.68,18.36,19.12,3.61,5.07,0.00,10.52,32.03,3.38,7.53,5.99,12.75,2.38,20.35,5.30,1.69,0.15,5.15,4.15,0.08,3.84,54.76,9.60,10.75,9.29,9.06,7.68,1.61,0.15,6.60,27.03,2.80,6.22,4.45,7.83,5.22,0.50,125.30,13.47,15.94,16.35,17.05,9.71,18.59,18.05,16.14,98.92,11.90,14.13,15.97,0.84,15.36,11.14,14.05,15.51}
{0.97,1.55,10.43,12.61,25.16,17.06,6.85,11.25}
{Inf,-66.90,-66.25,-63.29,-68.84,-63.29,-59.20,-64.52,-65.98,-67.74,-59.23,Inf,-58.88,-65.48,-69.56,-67.66,-71.44,-66.32,Inf,-66.65,-63.49,-65.35,-60.37,-63.37,Inf,-50.23,-62.58,-67.10,-66.67,-55.42,-65.25,-66.53,Inf,-56.15,-67.00,-58.25,-58.15,-68.31,-64.17,-67.81,-59.50,Inf,-59.48,-55.00,-56.48,-55.22,-64.85,-65.18,Inf,-59.56,-62.97,-61.48,-46.90,-63.34,-56.69,-52.39,-61.96,Inf,-58.51,-58.85,-62.74,-65.85,-52.92,-63.26,-48.81,-58.21}
{Inf,-85.36,-71.46,-85.17,-82.35,-88.83,-90.67,-99.99;
-85.36,Inf,-88.18,-68.45,-91.84,-79.34,-96.98,-93.68;
-71.46,-88.18,Inf,-82.35,-68.45,-82.16,-79.34,-91.84;
-88.18,-71.46,-85.36,Inf,-85.17,-65.44,-88.83,-82.35;
-85.36,-94.85,-71.46,-85.17,Inf,-79.34,-65.44,-85.17;
-94.85,-85.36,-88.18,-68.45,-82.35,Inf,-82.16,-68.45;
-96.69,-103.00,-85.36,-91.84,-68.45,-82.16,Inf,-82.35;
-103.00,-96.69,-94.85,-82.35,-85.17,-65.44,-79.34,Inf}
 KOMONDOR SIMULATION 'sim_input_nodes_sce2c_deployment_32.csv' (seed 1992)
{34.55,0.54,7.13,7.22,1.00,0.00,0.00,0.38,6.68,7.76,3.84,51.10,11.94,17.19,7.40,11.76,2.82,8.28,0.38,0.91,0.23,2.00,0.00,0.46,0.84,1.31,2.15,75.68,10.67,4.38,16.59,5.88,3.84,15.05,6.06,13.21,35.83,1.69,8.45,5.19,6.91,13.59,0.00,101.16,10.68,7.57,14.36,9.85,10.44,11.90,10.26,10.53,11.28,4.29,20.43,0.15,5.15,0.08,0.08,0.23,7.91,6.84,0.00,0.00,41.16,10.21,0.54,0.00,0.15,13.21,2.92,0.08,10.60,3.46}
{4.83,35.33,2.57,31.49,43.79,8.68,4.61,44.34}
{Inf,-64.82,-68.91,-59.92,-70.93,-67.64,-70.09,-65.78,-62.18,-56.89,-60.18,Inf,-63.60,-61.29,-62.66,-65.23,-64.90,Inf,-69.88,-69.28,-65.64,-59.19,-70.27,-69.54,-69.68,-63.75,-66.46,Inf,-60.88,-64.05,-57.04,-63.60,-64.89,-53.01,-64.53,-51.57,Inf,-64.71,-62.94,-71.05,-65.23,-60.96,-70.27,Inf,-56.62,-65.31,-57.24,-62.27,-64.15,-59.85,-59.86,-63.87,-64.08,-65.04,Inf,-67.96,-71.30,-70.55,-70.97,-66.35,-63.63,-60.93,-70.49,-70.20,Inf,-67.31,-66.42,-67.34,-68.00,-63.90,-67.84,-67.74,-68.20,-68.40}
{Inf,-79.34,-71.46,-82.16,-85.36,-88.83,-96.69,-99.99;
-85.36,Inf,-88.18,-65.44,-94.85,-79.34,-103.00,-93.68;
-71.46,-82.16,Inf,-79.34,-71.46,-82.16,-85.36,-91.84;
-88.18,-65.44,-85.36,Inf,-88.18,-65.44,-94.85,-82.35;
-85.36,-88.83,-71.46,-82.16,Inf,-79.34,-71.46,-85.17;
-94.85,-79.34,-88.18,-65.44,-85.36,Inf,-88.18,-68.45;
-96.69,-96.98,-85.36,-88.83,-71.46,-82.16,Inf,-82.35;
-103.00,-90.67,-94.85,-79.34,-88.18,-65.44,-85.36,Inf}
 KOMONDOR SIMULATION 'sim_input_nodes_sce2c_deployment_33.csv' (seed 1992)
{80.56,9.06,6.91,9.60,1.00,8.06,9.75,9.14,9.06,9.45,8.52,40.63,2.39,4.24,7.44,9.52,8.76,2.60,5.68,112.88,12.11,4.51,16.05,18.05,14.16,17.28,16.36,14.36,36.17,1.08,6.45,2.00,1.08,4.07,4.53,4.22,6.76,4.68,1.31,61.82,12.90,2.38,10.21,9.52,10.37,6.14,10.29,11.75,1.08,1.38,0.46,0.08,1.46,2.23,3.53,1.54,125.34,26.27,24.96,0.38,22.73,24.96,26.04,160.74,16.13,1.38,49.08,46.46,47.69}
{6.52,21.87,22.65,15.35,15.70,1.71,0.94,0.97}
{Inf,-61.38,-60.05,-60.95,-66.32,-63.64,-60.97,-66.15,-47.55,-55.76,-63.89,Inf,-63.39,-63.54,-64.75,-49.03,-55.35,-62.82,-61.08,Inf,-61.39,-65.16,-47.11,-54.26,-63.55,-54.06,-58.61,-56.36,Inf,-64.86,-61.12,-64.83,-67.21,-62.39,-58.89,-63.84,-57.23,-68.23,-66.64,Inf,-50.97,-66.31,-67.47,-62.58,-61.36,-68.09,-68.41,Inf,-67.71,-69.84,-70.84,-68.22,-61.82,-59.46,-56.59,-65.74,Inf,-68.34,-67.37,-71.34,-63.70,-65.56,-55.56,Inf,-68.37,-68.19,-55.42,-64.41,-57.32}
{Inf,-79.34,-65.44,-85.17,-82.35,-94.85,-96.69,-103.00;
-82.35,Inf,-82.16,-68.45,-91.84,-85.36,-103.00,-96.69;
-68.45,-82.16,Inf,-82.35,-68.45,-88.18,-85.36,-94.85;
-85.17,-65.44,-79.34,Inf,-85.17,-71.46,-94.85,-85.36;
-82.35,-88.83,-65.44,-85.17,Inf,-85.36,-71.46,-88.18;
-91.84,-79.34,-82.16,-68.45,-82.35,Inf,-88.18,-71.46;
-93.68,-96.98,-79.34,-91.84,-68.45,-88.18,Inf,-85.36;
-99.99,-90.67,-88.83,-82.35,-85.17,-71.46,-85.36,Inf}
 KOMONDOR SIMULATION 'sim_input_nodes_sce2c_deployment_34.csv' (seed 1992)
{52.07,4.61,2.46,8.82,9.03,10.60,9.10,7.46,113.96,20.51,22.66,12.13,20.43,22.35,15.89,62.60,11.60,8.47,12.83,3.60,11.52,0.78,4.81,9.00,9.14,3.15,0.46,1.00,0.61,3.92,50.66,5.68,4.99,6.37,7.68,5.30,3.90,5.15,4.92,1.44,5.22,56.91,18.51,2.69,0.00,19.58,16.13,60.15,3.26,13.13,5.03,9.55,2.95,3.33,12.13,10.75,131.37,16.90,15.28,15.51,6.84,13.21,12.98,9.84,12.60,14.67,13.54}
{4.23,31.95,31.86,0.12,2.95,8.80,5.62,3.00}
{Inf,-65.37,-62.84,-62.65,-62.67,-55.06,-59.89,-63.82,Inf,-55.55,-46.96,-61.30,-53.26,-64.72,-66.06,Inf,-56.88,-64.80,-50.64,-64.74,-51.96,-65.21,-64.02,-61.40,Inf,-66.89,-70.46,-66.96,-64.99,-62.31,Inf,-52.28,-63.94,-56.39,-55.28,-56.12,-64.53,-58.55,-61.49,-63.61,-57.56,Inf,-62.86,-68.17,-66.31,-53.71,-59.39,Inf,-70.18,-51.04,-65.43,-70.28,-66.99,-65.71,-63.95,-68.63,Inf,-58.33,-52.55,-58.65,-65.24,-53.65,-54.64,-64.06,-64.25,-58.22,-61.00}
{Inf,-82.35,-65.44,-88.18,-79.34,-91.84,-96.69,-96.98;
-79.34,Inf,-82.16,-71.46,-88.83,-82.35,-103.00,-90.67;
-65.44,-85.17,Inf,-85.36,-65.44,-85.17,-85.36,-88.83;
-82.16,-68.45,-79.34,Inf,-82.16,-68.45,-94.85,-79.34;
-79.34,-91.84,-65.44,-88.18,Inf,-82.35,-71.46,-82.16;
-88.83,-82.35,-82.16,-71.46,-79.34,Inf,-88.18,-65.44;
-90.67,-99.99,-79.34,-94.85,-65.44,-85.17,Inf,-79.34;
-96.98,-93.68,-88.83,-85.36,-82.16,-68.45,-85.36,Inf}
 KOMONDOR SIMULATION 'sim_input_nodes_sce2c_deployment_35.csv' (seed 1992)
{75.11,8.76,14.36,6.14,13.21,3.38,10.21,1.15,11.21,6.68,89.40,3.00,12.06,10.29,5.45,15.13,13.52,10.06,11.44,8.45,67.33,2.67,7.80,5.88,9.98,3.69,9.23,8.99,6.54,9.30,3.24,138.30,31.10,26.20,31.41,24.56,25.03,29.11,3.30,4.15,1.77,3.76,4.53,2.30,4.15,0.61,0.69,3.84,60.44,10.19,11.52,11.06,0.27,0.12,11.52,8.28,7.48,84.10,12.29,0.61,0.08,13.21,4.68,15.74,6.91,10.60,5.30,14.67,179.64,23.12,21.96,16.74,19.89,13.44,20.74,1.38,15.13,23.19,24.04}
{9.17,29.48,49.18,0.08,17.28,33.21,0.73,2.39}
{Inf,-64.27,-67.13,-58.46,-57.34,-67.54,-57.57,-64.97,-66.52,-67.28,Inf,-66.14,-65.13,-66.39,-61.45,-60.72,-55.59,-63.53,-56.35,-64.95,Inf,-61.64,-59.31,-59.34,-49.63,-60.66,-60.65,-52.19,-64.76,-61.27,-64.90,Inf,-56.12,-59.81,-55.35,-59.52,-60.15,Inf,-63.82,-61.64,-67.31,-60.73,-55.63,-67.55,-64.89,-67.85,-65.04,-59.35,Inf,-62.85,-55.92,-51.97,-65.39,-64.88,-43.80,-64.87,-65.32,Inf,-65.15,-69.06,-69.52,-67.21,-69.98,-58.77,-69.63,-63.85,-63.61,-65.04,Inf,-56.06,-69.19,-67.38,-70.88,-68.24,-60.87,-69.32,-65.24,-66.12,-53.87}
{Inf,-82.35,-65.44,-82.16,-82.35,-88.83,-96.69,-103.00;
-82.35,Inf,-82.16,-65.44,-91.84,-79.34,-103.00,-96.69;
-68.45,-85.17,Inf,-79.34,-68.45,-82.16,-85.36,-94.85;
-85.17,-68.45,-79.34,Inf,-85.17,-65.44,-94.85,-85.36;
-82.35,-91.84,-65.44,-82.16,Inf,-79.34,-71.46,-88.18;
-91.84,-82.35,-82.16,-65.44,-82.35,Inf,-88.18,-71.46;
-93.68,-99.99,-79.34,-88.83,-68.45,-82.16,Inf,-85.36;
-99.99,-93.68,-88.83,-79.34,-85.17,-65.44,-85.36,Inf}
 KOMONDOR SIMULATION 'sim_input_nodes_sce2c_deployment_36.csv' (seed 1992)
{69.64,10.14,9.45,13.98,11.52,11.76,3.19,9.60,101.73,10.19,11.15,12.42,19.97,13.98,20.20,13.82,21.20,0.31,5.30,5.53,4.84,4.53,0.15,0.54,29.91,6.36,8.14,4.41,5.86,1.65,3.49,24.58,2.23,3.23,0.46,1.77,3.15,3.15,3.92,3.00,3.69,71.18,10.89,15.36,11.98,16.74,16.20,121.34,14.67,18.74,18.89,0.31,21.89,24.42,21.20,1.23,53.68,1.46,5.84,8.22,5.61,9.75,11.98,5.07,5.76}
{12.27,19.45,4.65,29.03,9.00,7.99,1.21,2.10}
{Inf,-64.01,-58.20,-57.65,-48.57,-61.44,-65.09,-58.22,Inf,-62.44,-62.67,-64.38,-43.94,-64.20,-52.32,-57.24,Inf,-67.19,-45.12,-63.04,-64.23,-58.15,-66.46,-62.58,Inf,-61.54,-57.60,-63.17,-63.29,-63.59,-63.14,Inf,-68.33,-50.51,-62.45,-63.68,-59.53,-67.36,-56.37,-66.15,-63.51,Inf,-62.46,-50.86,-59.16,-54.82,-43.78,Inf,-69.87,-69.80,-70.24,-69.89,-60.40,-69.07,-63.14,-70.81,Inf,-70.74,-67.71,-68.64,-64.90,-66.59,-58.10,-69.14,-64.54}
{Inf,-79.34,-68.45,-82.16,-82.35,-91.84,-96.69,-103.00;
-79.34,Inf,-85.17,-65.44,-91.84,-82.35,-103.00,-96.69;
-65.44,-82.16,Inf,-79.34,-68.45,-85.17,-85.36,-94.85;
-82.16,-65.44,-82.35,Inf,-85.17,-68.45,-94.85,-85.36;
-79.34,-88.83,-68.45,-82.16,Inf,-82.35,-71.46,-88.18;
-88.83,-79.34,-85.17,-65.44,-82.35,Inf,-88.18,-71.46;
-90.67,-96.98,-82.35,-88.83,-68.45,-85.17,Inf,-85.36;
-96.98,-90.67,-91.84,-79.34,-85.17,-68.45,-85.36,Inf}
 KOMONDOR SIMULATION 'sim_input_nodes_sce2c_deployment_37.csv' (seed 1992)
{16.50,1.00,3.99,3.84,2.07,3.61,0.08,1.92,89.83,1.73,24.35,21.81,21.43,20.51,80.21,8.91,11.21,10.37,10.14,9.52,8.48,10.75,10.83,109.28,12.86,11.56,10.98,14.75,12.72,5.20,7.50,13.44,7.34,12.93,79.82,15.97,13.54,15.72,16.69,17.89,10.63,1.50,1.50,1.03,0.27,1.38,1.15,1.08,1.69,1.03,120.88,12.13,11.98,12.44,11.75,14.75,8.06,11.60,13.06,12.36,12.75,72.52,0.14,11.90,14.82,11.46,14.02,3.90,16.28}
{2.06,38.98,24.15,4.41,50.02,1.20,4.97,30.79}
{Inf,-66.74,-64.06,-58.83,-63.86,-67.73,-67.60,-62.54,Inf,-65.09,-56.52,-52.26,-62.71,-55.79,Inf,-53.99,-47.46,-57.57,-51.68,-57.33,-63.78,-53.25,-57.14,Inf,-62.95,-61.50,-56.84,-56.21,-61.18,-65.26,-64.10,-47.86,-65.07,-59.92,Inf,-51.37,-60.45,-64.37,-60.45,-55.23,Inf,-63.34,-61.98,-61.20,-61.79,-51.03,-58.79,-52.64,-58.94,-63.39,Inf,-58.82,-61.52,-56.35,-63.08,-53.36,-63.70,-62.78,-52.08,-47.32,-58.94,Inf,-65.03,-63.50,-42.04,-64.20,-63.94,-62.57,-56.45}
{Inf,-79.34,-65.44,-82.16,-79.34,-88.83,-93.68,-96.98;
-82.35,Inf,-82.16,-65.44,-88.83,-79.34,-99.99,-90.67;
-68.45,-82.16,Inf,-79.34,-65.44,-82.16,-82.35,-88.83;
-85.17,-65.44,-79.34,Inf,-82.16,-65.44,-91.84,-79.34;
-82.35,-88.83,-65.44,-82.16,Inf,-79.34,-68.45,-82.16;
-91.84,-79.34,-82.16,-65.44,-79.34,Inf,-85.17,-65.44;
-93.68,-96.98,-79.34,-88.83,-65.44,-82.16,Inf,-79.34;
-99.99,-90.67,-88.83,-79.34,-82.16,-65.44,-82.35,Inf}
 KOMONDOR SIMULATION 'sim_input_nodes_sce2c_deployment_38.csv' (seed 1992)
{145.46,0.15,10.44,10.21,11.83,21.81,25.57,4.22,22.96,18.20,20.04,43.21,10.60,4.65,3.90,7.25,6.22,1.30,9.29,18.97,1.61,0.00,2.23,0.23,3.15,2.53,3.69,2.53,1.84,1.15,48.15,9.60,7.08,9.75,3.12,5.99,3.69,8.91,5.68,0.92,0.92,0.77,0.77,0.23,0.15,0.23,0.31,0.69,0.69,68.31,12.71,2.95,16.20,16.36,14.03,3.93,2.12,85.45,14.98,15.36,11.44,0.08,9.98,14.67,3.74,15.21,89.87,19.97,17.99,4.86,12.38,18.05,16.62}
{0.36,12.03,3.91,11.78,1.16,50.72,50.48,26.69}
{Inf,-70.07,-70.79,-68.11,-67.08,-61.61,-60.61,-66.72,-68.85,-63.85,-66.98,Inf,-56.22,-63.13,-62.94,-62.89,-58.29,-60.04,-52.15,Inf,-65.45,-70.93,-71.38,-64.75,-60.16,-65.13,-63.30,-66.96,-70.63,-70.91,Inf,-57.62,-64.33,-55.03,-64.66,-56.87,-60.61,-53.41,Inf,-54.72,-50.92,-55.63,-53.35,-65.56,-65.41,-63.02,-62.20,-64.73,-57.64,Inf,-60.30,-63.36,-46.03,-54.80,-59.58,-64.67,-62.61,Inf,-59.72,-55.26,-58.16,-66.25,-59.79,-51.69,-62.95,-58.43,Inf,-52.95,-59.95,-64.51,-62.46,-52.75,-62.29}
{Inf,-79.34,-71.46,-82.16,-82.35,-88.83,-93.68,-96.98;
-85.36,Inf,-88.18,-65.44,-91.84,-79.34,-99.99,-90.67;
-71.46,-82.16,Inf,-79.34,-68.45,-82.16,-82.35,-88.83;
-88.18,-65.44,-85.36,Inf,-85.17,-65.44,-91.84,-79.34;
-85.36,-88.83,-71.46,-82.16,Inf,-79.34,-68.45,-82.16;
-94.85,-79.34,-88.18,-65.44,-82.35,Inf,-85.17,-65.44;
-96.69,-96.98,-85.36,-88.83,-68.45,-82.16,Inf,-79.34;
-103.00,-90.67,-94.85,-79.34,-85.17,-65.44,-82.35,Inf}
 KOMONDOR SIMULATION 'sim_input_nodes_sce2c_deployment_39.csv' (seed 1992)
{65.51,1.69,13.06,14.59,0.00,3.00,1.61,16.05,15.51,159.05,27.49,18.74,25.19,27.11,29.34,31.18,37.09,5.61,6.14,5.07,6.91,3.23,3.46,6.68,7.22,2.00,1.15,0.54,0.84,1.54,1.15,56.60,9.52,1.61,11.83,14.21,14.13,5.30,106.78,22.02,2.33,27.96,26.06,28.42,80.37,8.58,1.46,6.18,11.76,5.75,8.21,12.65,8.68,10.60,6.50,178.87,25.96,30.64,29.95,31.56,31.80,28.95}
{0.12,10.35,1.58,6.20,44.23,3.08,22.52,4.76}
{Inf,-67.59,-67.50,-60.03,-71.23,-64.98,-66.98,-62.50,-67.11,Inf,-56.47,-66.44,-62.87,-67.12,-64.05,-53.20,Inf,-60.43,-64.06,-70.51,-60.08,-71.25,-63.15,-68.34,Inf,-66.36,-64.46,-63.04,-68.19,-60.14,-65.48,Inf,-62.38,-67.54,-61.80,-57.42,-65.99,-62.91,Inf,-60.49,-63.46,-46.50,-59.29,-50.12,Inf,-64.76,-65.27,-64.16,-61.12,-62.61,-59.28,-60.59,-57.61,-58.48,-61.11,Inf,-67.92,-61.99,-54.91,-65.30,-64.89,-61.27}
{Inf,-82.35,-71.46,-85.17,-82.35,-88.83,-90.67,-99.99;
-85.36,Inf,-88.18,-68.45,-91.84,-79.34,-96.98,-93.68;
-71.46,-85.17,Inf,-82.35,-68.45,-82.16,-79.34,-91.84;
-88.18,-68.45,-85.36,Inf,-85.17,-65.44,-88.83,-82.35;
-85.36,-91.84,-71.46,-85.17,Inf,-79.34,-65.44,-85.17;
-94.85,-82.35,-88.18,-68.45,-82.35,Inf,-82.16,-68.45;
-96.69,-99.99,-85.36,-91.84,-68.45,-82.16,Inf,-82.35;
-103.00,-93.68,-94.85,-82.35,-85.17,-65.44,-79.34,Inf}
 KOMONDOR SIMULATION 'sim_input_nodes_sce2c_deployment_40.csv' (seed 1992)
{143.20,35.64,26.94,33.18,36.17,11.28,94.11,16.02,20.89,18.43,20.73,18.05,35.04,4.17,6.14,3.76,7.76,3.97,1.09,8.14,121.10,25.50,23.88,26.96,14.84,15.78,14.14,18.84,0.14,4.07,7.37,2.53,0.48,3.23,1.03,42.61,0.38,5.91,9.52,0.15,0.38,5.61,6.91,5.83,7.90,69.00,3.51,17.95,0.21,31.56,15.76,61.75,8.14,9.52,11.21,10.83,1.00,9.37,11.67}
{4.45,34.18,22.50,3.22,8.55,16.07,7.35,9.29}
{Inf,-57.11,-63.09,-53.19,-55.85,-66.22,Inf,-64.43,-51.63,-57.50,-59.04,-58.90,Inf,-61.16,-57.02,-60.67,-54.83,-60.74,-63.47,-58.46,Inf,-56.69,-55.72,-45.28,-62.70,-65.23,-65.15,Inf,-65.37,-56.95,-42.68,-65.00,-60.54,-54.28,-62.93,Inf,-65.38,-60.47,-67.15,-67.93,-68.07,-57.67,-58.60,-64.97,-63.28,Inf,-68.48,-67.90,-67.66,-60.67,-71.10,Inf,-59.86,-62.86,-58.40,-62.78,-67.13,-59.94,-68.43}
{Inf,-79.34,-65.44,-82.16,-79.34,-91.84,-96.69,-99.99;
-82.35,Inf,-82.16,-65.44,-88.83,-82.35,-103.00,-93.68;
-68.45,-82.16,Inf,-79.34,-65.44,-85.17,-85.36,-91.84;
-85.17,-65.44,-79.34,Inf,-82.16,-68.45,-94.85,-82.35;
-82.35,-88.83,-65.44,-82.16,Inf,-82.35,-71.46,-85.17;
-91.84,-79.34,-82.16,-65.44,-79.34,Inf,-88.18,-68.45;
-93.68,-96.98,-79.34,-88.83,-65.44,-85.17,Inf,-82.35;
-99.99,-90.67,-88.83,-79.34,-82.16,-68.45,-85.36,Inf}
 KOMONDOR SIMULATION 'sim_input_nodes_sce2c_deployment_41.csv' (seed 1992)
{6.91,1.84,0.00,2.23,0.84,0.69,1.31,80.45,10.14,6.22,7.93,11.04,11.60,12.18,10.33,11.01,6.37,0.00,1.08,0.00,0.00,1.77,0.08,0.23,0.08,1.84,1.31,126.34,20.28,18.66,13.44,20.97,20.04,13.13,19.81,83.43,9.10,9.10,6.93,9.52,7.66,10.52,9.78,9.84,10.98,1.68,0.21,0.23,0.27,0.46,0.15,0.14,0.15,0.07,131.66,18.20,14.04,20.20,14.50,14.43,15.05,18.89,16.35,38.65,0.07,12.60,1.04,7.68,4.76,8.60,3.83,0.07}
{0.36,51.68,6.23,18.13,13.05,0.57,2.08,20.35}
{Inf,-62.57,-65.94,-59.16,-68.44,-62.29,-63.23,Inf,-50.30,-63.69,-63.62,-64.24,-57.73,-63.30,-59.93,-59.61,Inf,-68.48,-59.98,-63.00,-70.92,-69.54,-68.39,-69.88,-65.88,-56.53,-61.83,Inf,-58.40,-58.85,-65.01,-58.66,-55.31,-60.46,-47.10,Inf,-59.50,-63.36,-65.27,-55.54,-63.13,-47.86,-60.96,-64.70,-50.02,Inf,-61.61,-57.34,-63.56,-56.16,-50.71,-64.00,-54.89,-60.75,Inf,-56.56,-64.30,-50.84,-63.53,-62.14,-60.04,-58.06,-61.89,Inf,-66.85,-59.61,-67.11,-68.32,-64.53,-59.81,-66.51,-67.01}
{Inf,-79.34,-71.46,-82.16,-79.34,-88.83,-90.67,-99.99;
-85.36,Inf,-88.18,-65.44,-88.83,-79.34,-96.98,-93.68;
-71.46,-82.16,Inf,-79.34,-65.44,-82.16,-79.34,-91.84;
-88.18,-65.44,-85.36,Inf,-82.16,-65.44,-88.83,-82.35;
-85.36,-88.83,-71.46,-82.16,Inf,-79.34,-65.44,-85.17;
-94.85,-79.34,-88.18,-65.44,-79.34,Inf,-82.16,-68.45;
-96.69,-96.98,-85.36,-88.83,-65.44,-82.16,Inf,-82.35;
-103.00,-90.67,-94.85,-79.34,-82.16,-65.44,-79.34,Inf}
 KOMONDOR SIMULATION 'sim_input_nodes_sce2c_deployment_42.csv' (seed 1992)
{35.29,3.08,5.68,4.32,1.44,3.51,4.92,0.78,5.75,5.81,132.10,11.83,18.28,18.66,23.96,11.44,13.75,20.66,13.52,43.24,8.52,11.29,2.07,10.98,10.37,25.04,4.53,0.00,0.00,5.61,0.38,4.84,3.92,5.76,59.37,7.08,8.83,7.22,8.14,7.80,7.91,2.33,10.06,28.72,3.76,6.53,6.99,5.15,6.30,106.13,15.13,9.78,13.54,11.52,8.89,12.93,8.34,13.82,12.18,84.94,10.37,10.60,9.75,7.53,12.83,10.52,13.29,0.61,2.84,6.60}
{8.59,1.09,3.59,0.25,16.90,2.23,4.76,26.98}
{Inf,-63.09,-54.39,-64.11,-64.55,-65.05,-51.70,-64.81,-63.20,-63.00,Inf,-65.26,-63.95,-67.11,-58.55,-69.69,-66.64,-70.33,-63.83,Inf,-60.06,-60.44,-66.17,-48.00,-57.38,Inf,-60.14,-70.41,-67.96,-54.61,-68.05,-71.12,-66.27,-69.29,Inf,-64.95,-55.34,-55.50,-55.15,-61.78,-52.44,-65.29,-55.34,Inf,-64.06,-54.82,-62.39,-64.38,-58.28,Inf,-54.57,-64.57,-61.05,-64.95,-63.68,-63.15,-63.87,-61.62,-64.87,Inf,-62.42,-63.38,-67.40,-65.95,-60.82,-60.45,-65.70,-66.43,-65.28,-64.29}
{Inf,-85.36,-71.46,-88.18,-79.34,-91.84,-90.67,-99.99;
-79.34,Inf,-88.18,-71.46,-88.83,-82.35,-96.98,-93.68;
-65.44,-88.18,Inf,-85.36,-65.44,-85.17,-79.34,-91.84;
-82.16,-71.46,-85.36,Inf,-82.16,-68.45,-88.83,-82.35;
-79.34,-94.85,-71.46,-88.18,Inf,-82.35,-65.44,-85.17;
-88.83,-85.36,-88.18,-71.46,-79.34,Inf,-82.16,-68.45;
-90.67,-103.00,-85.36,-94.85,-65.44,-85.17,Inf,-82.35;
-96.98,-96.69,-94.85,-85.36,-82.16,-68.45,-79.34,Inf}
 KOMONDOR SIMULATION 'sim_input_nodes_sce2c_deployment_43.csv' (seed 1992)
{39.91,7.13,11.21,7.74,13.06,0.77,42.30,4.33,3.01,5.47,4.86,4.72,5.88,7.53,3.28,3.21,29.80,2.00,3.41,3.38,1.61,5.07,1.80,4.30,4.38,0.07,3.79,22.50,3.69,3.07,2.72,2.69,4.15,0.70,3.30,2.19,38.91,6.60,3.01,3.49,3.08,2.64,1.32,4.68,3.97,4.74,5.38,45.96,4.04,4.10,4.51,4.51,4.86,3.76,4.79,5.40,4.65,5.34,73.28,1.80,10.29,11.67,2.67,4.24,9.62,11.49,11.60,9.90,105.37,10.29,10.24,8.83,12.98,11.44,8.83,11.41,12.29,9.75,9.29}
{1.33,36.36,12.17,9.15,11.69,13.74,12.33,17.53}
{Inf,-64.48,-55.81,-67.03,-50.09,-65.46,Inf,-65.09,-65.06,-62.76,-62.47,-62.50,-59.08,-53.88,-61.11,-63.25,Inf,-56.92,-66.62,-59.56,-61.57,-51.92,-65.07,-51.88,-48.59,-66.93,-62.12,Inf,-51.69,-57.53,-62.07,-55.27,-49.15,-60.89,-53.70,-63.56,Inf,-57.73,-59.04,-60.04,-61.23,-64.01,-64.12,-57.73,-63.23,-64.19,-56.05,Inf,-61.91,-62.44,-63.40,-61.33,-61.63,-60.02,-61.02,-61.74,-60.48,-60.05,Inf,-64.07,-55.60,-54.74,-62.87,-63.94,-61.82,-63.58,-47.11,-63.29,Inf,-53.51,-67.64,-59.46,-53.16,-50.66,-59.85,-63.98,-61.22,-61.79,-57.48}
{Inf,-79.34,-68.45,-82.16,-79.34,-88.83,-90.67,-99.99;
-82.35,Inf,-85.17,-65.44,-88.83,-79.34,-96.98,-93.68;
-68.45,-82.16,Inf,-79.34,-65.44,-82.16,-79.34,-91.84;
-85.17,-65.44,-82.35,Inf,-82.16,-65.44,-88.83,-82.35;
-82.35,-88.83,-68.45,-82.16,Inf,-79.34,-65.44,-85.17;
-91.84,-79.34,-85.17,-65.44,-79.34,Inf,-82.16,-68.45;
-93.68,-96.98,-82.35,-88.83,-65.44,-82.16,Inf,-82.35;
-99.99,-90.67,-91.84,-79.34,-82.16,-65.44,-79.34,Inf}
 KOMONDOR SIMULATION 'sim_input_nodes_sce2c_deployment_44.csv' (seed 1992)
{24.12,4.76,4.84,4.22,1.84,1.92,3.46,3.07,94.44,13.90,12.29,10.50,10.40,12.44,9.64,13.44,11.83,22.43,3.07,4.45,3.69,3.69,3.00,3.99,0.46,0.08,19.97,0.61,1.00,4.45,4.76,4.07,1.46,3.61,0.00,57.39,10.27,6.24,8.55,15.90,16.44,2.53,0.31,0.61,0.23,0.31,0.54,0.54,118.11,23.42,20.97,20.12,16.48,20.97,16.14,42.10,1.08,1.43,3.52,1.37,9.37,7.76,3.15,9.37,5.07}
{4.67,4.27,2.70,13.99,43.22,0.00,20.03,15.12}
{Inf,-55.14,-58.68,-59.99,-65.74,-68.43,-55.12,-63.88,Inf,-58.59,-48.96,-64.11,-60.56,-58.27,-59.53,-55.58,-52.32,Inf,-58.78,-62.18,-47.63,-53.93,-60.08,-62.45,-67.63,-70.90,Inf,-66.06,-64.41,-64.52,-64.33,-64.22,-65.95,-66.76,-67.08,Inf,-59.64,-63.64,-63.17,-57.57,-55.10,Inf,-65.76,-59.36,-67.17,-69.56,-58.91,-68.84,Inf,-57.78,-51.99,-58.29,-62.21,-58.14,-63.15,Inf,-68.31,-68.11,-66.17,-64.93,-46.74,-59.56,-62.88,-56.16,-65.88}
{Inf,-79.34,-71.46,-85.17,-79.34,-94.85,-90.67,-99.99;
-82.35,Inf,-88.18,-68.45,-88.83,-85.36,-96.98,-93.68;
-68.45,-82.16,Inf,-82.35,-65.44,-88.18,-79.34,-91.84;
-85.17,-65.44,-85.36,Inf,-82.16,-71.46,-88.83,-82.35;
-82.35,-88.83,-71.46,-85.17,Inf,-85.36,-65.44,-85.17;
-91.84,-79.34,-88.18,-68.45,-79.34,Inf,-82.16,-68.45;
-93.68,-96.98,-85.36,-91.84,-65.44,-88.18,Inf,-82.35;
-99.99,-90.67,-94.85,-82.35,-82.16,-71.46,-79.34,Inf}
 KOMONDOR SIMULATION 'sim_input_nodes_sce2c_deployment_45.csv' (seed 1992)
{128.72,19.89,17.74,20.45,17.58,19.36,18.88,14.82,41.69,13.67,0.46,3.21,11.52,1.23,3.23,8.37,61.87,6.43,9.45,7.99,4.10,8.00,10.44,6.70,8.76,41.29,5.29,5.15,2.13,5.76,1.15,6.84,4.84,4.30,3.92,1.92,46.27,8.68,7.59,8.60,5.88,6.84,8.68,29.64,3.69,3.92,4.22,4.84,5.53,0.77,3.23,3.46,59.45,9.87,9.12,10.90,13.25,3.94,10.70,1.67,89.40,15.74,12.13,4.45,0.69,17.20,9.75,7.22,5.38,11.75,5.07}
{0.00,3.00,23.37,7.83,8.80,15.48,27.57,5.16}
{Inf,-53.47,-58.86,-61.85,-60.60,-60.42,-62.08,-64.44,Inf,-59.05,-66.14,-67.67,-68.43,-67.10,-64.33,-67.28,Inf,-61.69,-50.86,-58.87,-60.26,-59.12,-52.95,-62.65,-54.49,Inf,-64.91,-63.76,-67.58,-60.55,-67.44,-58.10,-51.56,-63.50,-68.34,-63.82,Inf,-55.09,-59.16,-53.81,-62.46,-62.70,-58.82,Inf,-58.08,-58.40,-65.13,-46.69,-50.24,-66.45,-61.18,-52.50,Inf,-65.25,-70.68,-70.14,-67.87,-67.40,-67.47,-69.97,Inf,-54.40,-61.17,-65.82,-69.60,-56.19,-71.32,-62.05,-64.60,-69.04,-66.17}
{Inf,-82.35,-65.44,-85.17,-79.34,-91.84,-96.69,-103.00;
-79.34,Inf,-82.16,-68.45,-88.83,-82.35,-103.00,-96.69;
-65.44,-85.17,Inf,-82.35,-65.44,-85.17,-85.36,-94.85;
-82.16,-68.45,-79.34,Inf,-82.16,-68.45,-94.85,-85.36;
-79.34,-91.84,-65.44,-85.17,Inf,-82.35,-71.46,-88.18;
-88.83,-82.35,-82.16,-68.45,-79.34,Inf,-88.18,-71.46;
-90.67,-99.99,-79.34,-91.84,-65.44,-85.17,Inf,-85.36;
-96.98,-93.68,-88.83,-82.35,-82.16,-68.45,-85.36,Inf}
 KOMONDOR SIMULATION 'sim_input_nodes_sce2c_deployment_46.csv' (seed 1992)
{90.24,5.61,14.98,16.44,12.42,13.15,15.13,12.52,28.34,6.30,4.76,4.68,1.23,4.92,0.77,0.00,0.08,0.00,5.61,87.58,17.51,21.50,6.84,20.38,21.34,19.13,2.05,2.80,2.33,3.76,2.53,2.58,3.08,97.42,14.36,13.41,11.29,7.84,15.59,15.25,12.60,7.08,22.18,2.92,0.00,0.22,0.00,7.14,1.14,0.00,3.76,6.99,95.09,21.96,14.36,0.15,13.36,21.43,23.27,0.55,58.52,13.52,12.06,7.14,0.15,1.23,11.67,12.75}
{11.72,3.26,32.30,18.19,11.76,14.80,36.21,14.75}
{Inf,-63.69,-45.47,-54.74,-64.87,-63.39,-53.55,-58.29,Inf,-57.01,-56.63,-67.54,-69.04,-59.43,-68.40,-70.86,-69.25,-69.89,-70.35,Inf,-61.38,-53.72,-60.55,-59.24,-59.85,Inf,-62.31,-62.25,-63.20,-57.21,-59.75,-64.63,-62.02,Inf,-61.09,-59.61,-63.33,-65.24,-58.48,-62.95,-64.99,-64.51,Inf,-68.34,-70.64,-66.32,-70.34,-58.87,-66.02,-68.99,-63.86,-64.93,Inf,-52.58,-59.62,-66.44,-61.74,-63.01,-52.57,-68.17,Inf,-51.45,-49.38,-68.49,-70.17,-64.29,-70.61,-69.70}
{Inf,-85.36,-65.44,-82.16,-79.34,-94.85,-93.68,-103.00;
-79.34,Inf,-82.16,-65.44,-88.83,-85.36,-99.99,-96.69;
-65.44,-88.18,Inf,-79.34,-65.44,-88.18,-82.35,-94.85;
-82.16,-71.46,-79.34,Inf,-82.16,-71.46,-91.84,-85.36;
-79.34,-94.85,-65.44,-82.16,Inf,-85.36,-68.45,-88.18;
-88.83,-85.36,-82.16,-65.44,-79.34,Inf,-85.17,-71.46;
-90.67,-103.00,-79.34,-88.83,-65.44,-88.18,Inf,-85.36;
-96.98,-96.69,-88.83,-79.34,-82.16,-71.46,-82.35,Inf}
 KOMONDOR SIMULATION 'sim_input_nodes_sce2c_deployment_47.csv' (seed 1992)
{98.44,20.59,13.61,16.62,24.27,23.35,42.93,4.99,0.31,7.07,9.06,11.98,9.52,81.30,10.60,1.55,8.89,3.63,13.59,9.51,4.65,14.44,14.44,10.89,2.37,1.68,2.07,1.54,1.31,1.92,3.92,0.77,0.27,1.03,0.32,0.77,0.42,0.34,88.61,26.57,12.66,24.65,6.07,0.00,18.66,35.70,14.90,10.29,7.75,0.38,2.38,133.33,20.79,26.65,22.91,13.36,25.34,24.27}
{17.14,10.08,31.76,4.25,3.67,13.11,68.60,0.19}
{Inf,-63.13,-61.16,-62.47,-47.69,-47.36,Inf,-71.12,-64.75,-56.38,-61.30,-56.87,-63.41,Inf,-63.34,-65.41,-63.08,-63.17,-58.17,-63.47,-61.47,-55.87,-58.20,Inf,-65.64,-66.23,-64.17,-63.73,-60.58,-64.40,Inf,-55.62,-63.62,-60.02,-65.27,-56.87,-64.23,-62.74,Inf,-54.93,-67.31,-54.57,-63.02,-68.39,-66.97,Inf,-56.34,-67.87,-63.52,-67.12,-64.91,Inf,-59.54,-56.46,-59.63,-65.43,-52.38,-44.70}
{Inf,-85.36,-65.44,-85.17,-79.34,-91.84,-93.68,-96.98;
-79.34,Inf,-82.16,-68.45,-88.83,-82.35,-99.99,-90.67;
-65.44,-88.18,Inf,-82.35,-65.44,-85.17,-82.35,-88.83;
-82.16,-71.46,-79.34,Inf,-82.16,-68.45,-91.84,-79.34;
-79.34,-94.85,-65.44,-85.17,Inf,-82.35,-68.45,-82.16;
-88.83,-85.36,-82.16,-68.45,-79.34,Inf,-85.17,-65.44;
-90.67,-103.00,-79.34,-91.84,-65.44,-85.17,Inf,-79.34;
-96.98,-96.69,-88.83,-82.35,-82.16,-68.45,-82.35,Inf}
 KOMONDOR SIMULATION 'sim_input_nodes_sce2c_deployment_48.csv' (seed 1992)
{100.82,2.05,13.13,11.22,13.06,11.29,10.60,5.22,11.75,11.29,11.22,86.23,14.21,2.07,13.06,11.75,14.13,11.52,11.37,3.91,4.22,50.56,0.54,3.21,7.76,6.03,1.32,7.56,7.60,7.48,9.06,11.21,1.46,0.00,1.77,1.15,2.07,1.84,0.23,1.54,1.15,29.98,6.53,0.61,6.60,4.61,5.84,5.80,21.66,3.46,0.00,5.91,5.22,1.84,5.22,36.02,2.76,0.61,3.84,1.69,4.53,3.84,6.14,1.08,4.92,6.60,116.12,16.97,18.28,15.44,15.74,10.14,19.05,20.51}
{16.29,2.10,28.49,6.02,0.11,6.84,4.81,4.28}
{Inf,-62.23,-57.55,-63.22,-55.13,-60.83,-55.70,-64.98,-58.54,-52.73,-62.61,Inf,-60.67,-65.22,-57.40,-66.49,-61.55,-58.19,-64.64,-66.38,-68.32,Inf,-70.09,-70.99,-59.20,-65.88,-70.45,-65.42,-67.04,-66.87,-63.13,Inf,-58.86,-68.45,-58.46,-62.77,-47.31,-59.98,-65.56,-61.50,-60.16,Inf,-68.04,-68.23,-66.83,-67.59,-68.54,-70.53,Inf,-68.30,-66.18,-61.90,-66.89,-66.80,-59.91,Inf,-63.24,-70.96,-71.30,-66.86,-64.64,-67.49,-58.42,-67.35,-68.84,-55.39,Inf,-60.01,-59.17,-62.16,-63.03,-65.86,-65.96,-64.68}
{Inf,-82.35,-71.46,-85.17,-85.36,-91.84,-96.69,-99.99;
-79.34,Inf,-88.18,-68.45,-94.85,-82.35,-103.00,-93.68;
-65.44,-85.17,Inf,-82.35,-71.46,-85.17,-85.36,-91.84;
-82.16,-68.45,-85.36,Inf,-88.18,-68.45,-94.85,-82.35;
-79.34,-91.84,-71.46,-85.17,Inf,-82.35,-71.46,-85.17;
-88.83,-82.35,-88.18,-68.45,-85.36,Inf,-88.18,-68.45;
-90.67,-99.99,-85.36,-91.84,-71.46,-85.17,Inf,-82.35;
-96.98,-93.68,-94.85,-82.35,-88.18,-68.45,-85.36,Inf}
 KOMONDOR SIMULATION 'sim_input_nodes_sce2c_deployment_49.csv' (seed 1992)
{124.03,9.37,22.43,26.34,24.50,10.91,6.37,2.38,21.73,56.68,8.45,11.60,3.53,6.76,11.52,4.92,9.91,37.25,0.77,6.68,0.61,1.31,4.15,5.38,4.22,7.83,6.30,20.66,5.30,5.76,0.46,2.61,2.15,4.38,60.91,9.78,3.42,4.42,2.87,1.92,11.98,11.60,2.60,9.51,2.80,20.65,4.68,4.08,0.42,1.92,3.49,3.42,0.78,0.90,0.96,47.54,11.98,4.99,1.92,2.00,14.21,12.44,80.79,12.44,19.89,18.12,8.06,13.29,0.38,8.60}
{0.12,13.62,4.47,0.85,41.54,12.27,43.59,0.85}
{Inf,-68.19,-59.80,-63.48,-63.59,-65.15,-68.07,-68.70,-63.43,Inf,-62.60,-65.20,-66.62,-62.44,-60.48,-61.84,-58.62,Inf,-65.41,-67.57,-67.15,-67.26,-64.20,-55.58,-60.57,-45.92,-61.79,Inf,-67.19,-61.25,-68.65,-68.62,-71.31,-70.35,Inf,-59.46,-64.52,-65.06,-62.38,-65.00,-58.88,-54.44,-62.92,-61.58,-63.55,Inf,-51.31,-64.47,-64.03,-65.37,-63.48,-64.82,-64.28,-64.77,-65.35,Inf,-66.49,-65.08,-68.41,-65.08,-62.60,-60.82,Inf,-68.64,-64.60,-57.00,-71.31,-63.30,-67.32,-66.48}
{Inf,-82.35,-68.45,-88.18,-79.34,-88.83,-93.68,-103.00;
-85.36,Inf,-85.17,-71.46,-88.83,-79.34,-99.99,-96.69;
-71.46,-85.17,Inf,-85.36,-65.44,-82.16,-82.35,-94.85;
-88.18,-68.45,-82.35,Inf,-82.16,-65.44,-91.84,-85.36;
-85.36,-91.84,-68.45,-88.18,Inf,-79.34,-68.45,-88.18;
-94.85,-82.35,-85.17,-71.46,-79.34,Inf,-85.17,-71.46;
-96.69,-99.99,-82.35,-94.85,-65.44,-82.16,Inf,-85.36;
-103.00,-93.68,-91.84,-85.36,-82.16,-65.44,-82.35,Inf}
