 KOMONDOR SIMULATION 'sim_input_nodes_sce2b_deployment_00.csv' (seed 1992)
{143.69,7.68,10.14,25.65,25.19,22.66,26.42,25.96,106.14,10.52,14.36,14.67,4.30,16.13,8.99,10.83,5.38,11.06,9.91,79.87,16.13,11.37,12.13,10.29,8.76,4.84,16.36,73.88,0.15,9.91,13.52,8.22,6.60,13.29,0.92,15.67,2.61,3.00,75.03,8.29,3.07,20.66,20.35,22.66,101.32,9.03,14.82,16.14,12.72,3.01,15.18,15.44,14.98,154.75,33.25,38.71,29.80,14.13,38.86,117.27,15.67,11.67,18.43,18.97,2.00,10.44,17.20,4.76,18.12}
{2.56,0.00,0.49,1.76,1.54,10.50,4.70,26.13}
{Inf,-70.11,-70.00,-68.29,-66.77,-71.21,-55.87,-60.70,Inf,-69.43,-66.72,-70.56,-68.86,-60.80,-64.58,-67.47,-67.71,-67.42,-55.76,Inf,-59.06,-65.95,-65.15,-71.30,-66.28,-69.20,-64.73,Inf,-71.42,-59.31,-50.97,-68.86,-66.29,-62.96,-70.71,-60.30,-67.61,-64.16,Inf,-68.57,-70.01,-59.87,-50.21,-62.06,Inf,-60.39,-39.42,-60.53,-62.45,-63.81,-60.73,-51.88,-58.88,Inf,-55.26,-57.06,-61.61,-65.30,-49.46,Inf,-62.07,-66.26,-58.63,-52.39,-67.21,-64.23,-67.81,-66.75,-58.89}
{Inf,-91.21,-78.94,-95.79,-96.69,-100.00,-108.87,-115.06;
-91.21,Inf,-95.79,-78.94,-106.03,-90.67,-115.06,-108.87;
-78.94,-95.79,Inf,-91.21,-78.94,-89.77,-93.68,-103.02;
-95.79,-78.94,-91.21,Inf,-95.79,-72.92,-103.02,-93.68;
-96.69,-106.03,-78.94,-95.79,Inf,-85.19,-75.93,-92.78;
-106.03,-96.69,-95.79,-78.94,-91.21,Inf,-92.78,-75.93;
-111.88,-118.07,-96.69,-106.03,-78.94,-89.77,Inf,-88.20;
-118.07,-111.88,-106.03,-96.69,-95.79,-72.92,-88.20,Inf}
 KOMONDOR SIMULATION 'sim_input_nodes_sce2b_deployment_01.csv' (seed 1992)
{81.18,9.75,14.90,11.44,12.90,0.69,3.15,13.06,2.15,13.13,97.92,18.97,18.36,8.99,15.28,16.67,19.66,77.03,9.98,5.07,11.98,15.44,11.98,5.15,17.43,101.15,21.73,21.27,18.43,18.82,20.89,24.58,0.00,1.31,3.00,3.15,2.38,4.53,4.07,2.61,1.38,2.15,125.85,15.28,12.83,13.00,13.27,13.13,11.70,11.56,12.59,10.32,12.18,116.14,13.68,9.18,13.82,8.85,14.67,14.28,12.86,13.75,15.05,136.06,11.76,13.89,16.74,16.14,17.20,15.90,13.68,13.54,17.20}
{0.51,1.72,14.31,1.45,-0.00,0.22,2.93,0.27}
{Inf,-65.83,-61.64,-64.91,-67.03,-71.38,-71.34,-52.89,-70.02,-66.73,Inf,-54.02,-65.96,-63.93,-62.24,-56.66,-65.76,Inf,-67.29,-67.59,-62.35,-57.89,-63.45,-66.92,-49.97,Inf,-51.05,-66.72,-67.69,-67.45,-62.95,Inf,-70.45,-68.98,-71.35,-57.97,-66.33,-62.87,-66.47,-65.83,-71.04,-69.67,Inf,-54.40,-52.31,-62.70,-61.80,-58.73,-64.99,-61.14,-63.02,-64.14,-63.65,Inf,-62.41,-64.92,-52.21,-65.21,-55.06,-58.10,-59.82,-49.78,-47.66,Inf,-64.65,-59.32,-56.92,-61.71,-53.48,-56.35,-61.43,-63.16,-56.00}
{Inf,-88.20,-75.93,-92.78,-96.69,-100.00,-105.86,-112.05;
-91.21,Inf,-92.78,-75.93,-106.03,-90.67,-112.05,-105.86;
-78.94,-92.78,Inf,-88.20,-78.94,-89.77,-90.67,-100.00;
-95.79,-75.93,-88.20,Inf,-95.79,-72.92,-100.00,-90.67;
-96.69,-103.02,-75.93,-92.78,Inf,-85.19,-72.92,-89.77;
-106.03,-93.68,-92.78,-75.93,-91.21,Inf,-89.77,-72.92;
-111.88,-115.06,-93.68,-103.02,-78.94,-89.77,Inf,-85.19;
-118.07,-108.87,-103.02,-93.68,-95.79,-72.92,-85.19,Inf}
 KOMONDOR SIMULATION 'sim_input_nodes_sce2b_deployment_02.csv' (seed 1992)
{168.81,23.27,21.66,1.77,20.74,10.29,12.13,22.50,15.13,19.28,22.04,70.12,14.75,10.52,7.60,18.20,19.05,131.02,17.59,16.20,17.13,15.59,14.36,14.13,16.51,19.51,82.68,16.97,16.36,18.43,13.41,17.51,63.13,9.06,11.21,6.30,11.98,10.83,11.29,2.46,39.13,1.98,15.30,19.51,1.26,1.08,115.97,19.89,11.60,17.51,18.51,12.21,16.90,19.35,195.07,49.23,18.66,38.17,4.45,23.58,38.48,22.50}
{0.49,1.04,0.15,5.00,1.87,13.58,3.94,4.60}
{Inf,-68.03,-68.57,-70.08,-63.55,-67.31,-68.07,-65.46,-70.45,-60.20,-59.92,Inf,-64.73,-66.59,-68.26,-54.19,-68.00,Inf,-53.41,-66.39,-61.84,-50.09,-64.94,-69.20,-54.48,-69.53,Inf,-53.21,-57.91,-56.30,-59.70,-46.08,Inf,-58.47,-65.04,-64.77,-59.15,-58.31,-49.21,-68.43,Inf,-59.46,-64.52,-45.92,-64.47,-64.83,Inf,-53.29,-66.34,-55.69,-64.27,-68.18,-66.40,-68.40,Inf,-64.96,-68.19,-62.65,-68.81,-61.19,-63.40,-63.63}
{Inf,-88.20,-78.94,-89.77,-93.68,-100.00,-108.87,-118.07;
-91.21,Inf,-95.79,-72.92,-103.02,-90.67,-115.06,-111.88;
-78.94,-92.78,Inf,-85.19,-75.93,-89.77,-93.68,-106.03;
-95.79,-75.93,-91.21,Inf,-92.78,-72.92,-103.02,-96.69;
-96.69,-103.02,-78.94,-89.77,Inf,-85.19,-75.93,-95.79;
-106.03,-93.68,-95.79,-72.92,-88.20,Inf,-92.78,-78.94;
-111.88,-115.06,-96.69,-100.00,-75.93,-89.77,Inf,-91.21;
-118.07,-108.87,-106.03,-90.67,-92.78,-72.92,-88.20,Inf}
 KOMONDOR SIMULATION 'sim_input_nodes_sce2b_deployment_03.csv' (seed 1992)
{104.37,9.29,15.82,9.06,8.68,15.90,7.14,10.21,12.06,16.20,143.81,15.30,17.05,20.04,19.43,17.99,17.44,20.28,16.28,102.68,16.97,17.82,15.13,1.84,13.75,9.37,12.21,15.59,0.00,114.18,11.35,16.44,14.90,16.97,14.36,15.28,10.05,13.82,1.00,100.32,15.05,15.36,13.06,7.91,15.05,16.59,14.90,2.39,80.81,11.22,6.09,5.06,9.64,13.36,14.36,7.93,13.13,72.14,10.33,6.36,2.05,11.37,9.24,8.88,4.79,10.37,8.76,145.38,20.04,13.98,19.97,9.75,18.51,19.28,19.35,20.51,3.99}
{0.18,1.29,1.44,14.24,38.10,52.26,55.72,29.15}
{Inf,-67.30,-53.42,-66.75,-64.34,-62.75,-65.82,-65.22,-67.50,-64.91,Inf,-64.95,-58.38,-53.12,-52.74,-60.85,-62.23,-45.46,-62.98,Inf,-64.22,-58.21,-57.35,-67.51,-54.93,-66.35,-64.73,-55.74,-69.84,Inf,-59.40,-49.86,-47.29,-55.49,-59.35,-53.63,-63.64,-59.86,-65.01,Inf,-56.09,-56.68,-62.58,-58.56,-54.03,-44.17,-51.40,-62.37,Inf,-64.73,-63.34,-60.72,-59.81,-49.96,-56.96,-65.15,-55.62,Inf,-59.90,-60.07,-63.81,-39.73,-64.27,-64.56,-61.17,-52.40,-59.95,Inf,-58.38,-64.24,-60.98,-66.85,-64.20,-62.63,-52.59,-63.97,-62.13}
{Inf,-85.19,-78.94,-89.77,-90.67,-100.00,-105.86,-115.06;
-88.20,Inf,-95.79,-72.92,-100.00,-90.67,-112.05,-108.87;
-75.93,-89.77,Inf,-85.19,-72.92,-89.77,-90.67,-103.02;
-92.78,-72.92,-91.21,Inf,-89.77,-72.92,-100.00,-93.68;
-93.68,-100.00,-78.94,-89.77,Inf,-85.19,-72.92,-92.78;
-103.02,-90.67,-95.79,-72.92,-85.19,Inf,-89.77,-75.93;
-108.87,-112.05,-96.69,-100.00,-72.92,-89.77,Inf,-88.20;
-115.06,-105.86,-106.03,-90.67,-89.77,-72.92,-85.19,Inf}
 KOMONDOR SIMULATION 'sim_input_nodes_sce2b_deployment_04.csv' (seed 1992)
{140.39,12.36,27.19,30.95,12.90,28.65,28.34,101.68,13.82,28.65,20.35,28.95,9.91,50.61,5.91,6.60,5.99,6.53,5.91,7.99,6.76,4.92,40.86,5.22,4.84,5.84,0.15,5.30,3.69,4.99,0.31,4.76,5.76,73.85,7.38,8.45,2.22,10.21,8.99,7.83,10.98,7.73,10.06,43.24,13.13,3.38,3.00,10.44,13.29,115.28,15.90,16.51,15.36,8.29,15.21,17.20,10.60,16.20,121.57,2.38,18.12,18.59,19.05,21.04,20.12,22.27}
{2.10,1.21,0.25,2.84,13.85,17.49,0.46,3.76}
{Inf,-64.49,-66.33,-66.33,-64.77,-62.10,-50.33,Inf,-66.50,-63.04,-64.11,-59.04,-68.08,Inf,-69.07,-59.62,-61.30,-50.09,-65.96,-62.01,-70.12,-69.13,Inf,-64.05,-55.84,-52.42,-67.40,-65.86,-67.81,-60.74,-68.10,-57.38,-62.79,Inf,-64.80,-58.61,-64.75,-54.73,-50.77,-56.25,-48.28,-60.91,-53.55,Inf,-63.94,-65.13,-67.99,-66.04,-54.93,Inf,-67.38,-57.83,-69.53,-70.37,-67.35,-57.61,-69.16,-65.34,Inf,-70.85,-60.85,-70.19,-59.32,-66.78,-63.46,-68.92}
{Inf,-88.20,-78.94,-92.78,-90.67,-103.02,-111.88,-118.07;
-88.20,Inf,-95.79,-75.93,-100.00,-93.68,-118.07,-111.88;
-75.93,-92.78,Inf,-88.20,-72.92,-92.78,-96.69,-106.03;
-92.78,-75.93,-91.21,Inf,-89.77,-75.93,-106.03,-96.69;
-93.68,-103.02,-78.94,-92.78,Inf,-88.20,-78.94,-95.79;
-103.02,-93.68,-95.79,-75.93,-85.19,Inf,-95.79,-78.94;
-108.87,-115.06,-96.69,-103.02,-72.92,-92.78,Inf,-91.21;
-115.06,-108.87,-106.03,-93.68,-89.77,-75.93,-91.21,Inf}
 KOMONDOR SIMULATION 'sim_input_nodes_sce2b_deployment_05.csv' (seed 1992)
{161.70,14.70,21.35,23.65,23.04,21.89,18.28,17.74,21.04,54.99,18.59,0.54,0.00,13.06,22.81,159.44,32.56,37.17,37.63,35.10,16.97,98.00,11.37,12.36,12.90,4.99,6.30,12.98,8.91,3.92,12.67,11.60,6.45,1.15,1.15,0.00,1.31,1.23,1.61,64.74,11.29,6.29,19.05,14.71,13.41,122.19,25.34,18.43,25.34,24.88,11.83,9.52,6.84,220.72,33.25,32.10,26.34,31.26,34.94,9.75,31.49,18.89,2.69}
{0.32,-0.00,0.73,2.53,0.16,9.36,2.82,1.21}
{Inf,-64.95,-49.22,-51.52,-55.21,-54.13,-55.04,-58.85,-55.30,Inf,-70.79,-71.14,-71.18,-67.26,-68.74,Inf,-57.69,-65.78,-64.49,-66.31,-67.56,Inf,-51.52,-58.52,-67.57,-67.84,-67.48,-60.09,-67.76,-68.37,-56.23,-61.83,Inf,-66.03,-69.87,-68.94,-66.84,-65.18,-56.64,Inf,-59.30,-65.08,-54.62,-60.56,-61.74,Inf,-63.13,-62.51,-65.93,-53.35,-66.57,-66.86,-67.73,Inf,-62.89,-61.29,-67.50,-63.86,-63.40,-68.32,-51.45,-70.04,-67.53}
{Inf,-91.21,-75.93,-92.78,-96.69,-100.00,-108.87,-118.07;
-85.19,Inf,-92.78,-75.93,-106.03,-90.67,-115.06,-111.88;
-72.92,-95.79,Inf,-88.20,-78.94,-89.77,-93.68,-106.03;
-89.77,-78.94,-88.20,Inf,-95.79,-72.92,-103.02,-96.69;
-90.67,-106.03,-75.93,-92.78,Inf,-85.19,-75.93,-95.79;
-100.00,-96.69,-92.78,-75.93,-91.21,Inf,-92.78,-78.94;
-105.86,-118.07,-93.68,-103.02,-78.94,-89.77,Inf,-91.21;
-112.05,-111.88,-103.02,-93.68,-95.79,-72.92,-88.20,Inf}
 KOMONDOR SIMULATION 'sim_input_nodes_sce2b_deployment_06.csv' (seed 1992)
{138.24,12.21,23.19,19.43,22.50,6.14,5.53,24.58,24.65,108.21,14.98,8.45,6.99,11.83,6.99,5.30,15.90,17.43,19.20,1.15,54.46,4.24,6.57,9.58,8.60,2.60,4.72,3.54,6.77,7.84,83.10,16.59,0.69,8.99,15.67,4.45,2.84,17.13,16.59,0.15,34.33,1.92,23.96,5.76,0.92,1.77,28.65,0.21,6.43,5.61,0.12,16.28,99.23,11.29,11.83,12.36,13.59,3.23,12.90,10.83,7.99,15.21,266.04,48.08,50.07,28.26,48.84,43.78,47.00}
{0.49,0.12,18.53,0.81,0.64,12.06,3.99,0.68}
{Inf,-66.70,-62.13,-66.30,-62.15,-68.20,-67.93,-64.56,-63.92,Inf,-59.18,-69.31,-69.28,-65.53,-69.62,-69.34,-67.79,-66.97,-56.85,-71.08,Inf,-62.53,-60.44,-61.36,-58.17,-62.61,-61.97,-64.26,-60.34,-65.08,Inf,-60.39,-70.80,-67.77,-53.77,-68.60,-70.51,-54.93,-59.11,-70.01,Inf,-70.80,-57.50,-67.00,-67.44,-71.38,Inf,-63.27,-60.75,-61.70,-64.98,-51.63,Inf,-60.79,-52.91,-58.43,-61.49,-65.88,-59.74,-67.41,-63.78,-67.10,Inf,-58.48,-68.82,-66.45,-55.46,-66.05,-62.63}
{Inf,-91.21,-72.92,-95.79,-96.69,-100.00,-108.87,-118.07;
-88.20,Inf,-89.77,-78.94,-106.03,-90.67,-115.06,-111.88;
-75.93,-95.79,Inf,-91.21,-78.94,-89.77,-93.68,-106.03;
-92.78,-78.94,-85.19,Inf,-95.79,-72.92,-103.02,-96.69;
-93.68,-106.03,-72.92,-95.79,Inf,-85.19,-75.93,-95.79;
-103.02,-96.69,-89.77,-78.94,-91.21,Inf,-92.78,-78.94;
-108.87,-118.07,-90.67,-106.03,-78.94,-89.77,Inf,-91.21;
-115.06,-111.88,-100.00,-96.69,-95.79,-72.92,-88.20,Inf}
 KOMONDOR SIMULATION 'sim_input_nodes_sce2b_deployment_07.csv' (seed 1992)
{178.02,23.35,28.95,30.95,25.73,17.82,17.89,29.03,4.30,112.29,27.42,3.18,31.03,21.06,2.10,27.49,44.16,10.91,2.00,9.45,6.99,2.07,11.60,1.15,0.00,59.31,7.07,4.65,8.22,5.68,7.83,3.90,6.30,5.38,6.29,3.99,40.32,0.54,5.15,6.84,1.61,6.84,3.38,0.00,5.91,3.15,6.91,139.60,22.96,16.23,22.27,20.47,20.08,20.09,17.49,151.45,26.34,33.48,31.03,26.73,33.87,95.22,18.88,3.33,21.04,19.66,11.49,20.81}
{0.00,10.53,0.49,20.71,24.32,0.41,0.00,22.56}
{Inf,-64.37,-66.58,-66.64,-62.47,-69.54,-69.47,-59.67,-70.50,Inf,-56.48,-67.70,-52.67,-67.92,-67.48,-59.75,Inf,-58.35,-70.91,-69.74,-67.74,-68.90,-61.05,-68.68,-71.00,Inf,-50.21,-63.35,-52.47,-59.11,-53.61,-64.52,-56.42,-56.09,-63.46,-56.65,Inf,-65.46,-63.96,-65.89,-68.27,-59.63,-64.78,-66.74,-61.82,-67.80,-62.17,Inf,-59.74,-66.29,-57.10,-63.29,-62.47,-62.57,-62.35,Inf,-67.93,-63.45,-65.63,-68.81,-64.79,Inf,-60.66,-65.12,-48.43,-53.04,-62.03,-54.67}
{Inf,-88.20,-78.94,-89.77,-93.68,-103.02,-111.88,-112.05;
-91.21,Inf,-95.79,-72.92,-103.02,-93.68,-118.07,-105.86;
-78.94,-92.78,Inf,-85.19,-75.93,-92.78,-96.69,-100.00;
-95.79,-75.93,-91.21,Inf,-92.78,-75.93,-106.03,-90.67;
-96.69,-103.02,-78.94,-89.77,Inf,-88.20,-78.94,-89.77;
-106.03,-93.68,-95.79,-72.92,-88.20,Inf,-95.79,-72.92;
-111.88,-115.06,-96.69,-100.00,-75.93,-92.78,Inf,-85.19;
-118.07,-108.87,-106.03,-90.67,-92.78,-75.93,-91.21,Inf}
 KOMONDOR SIMULATION 'sim_input_nodes_sce2b_deployment_08.csv' (seed 1992)
{82.25,20.12,28.34,10.14,23.65,0.00,145.75,24.21,28.42,26.27,11.95,26.73,28.19,111.75,8.99,15.03,22.04,23.35,2.59,20.86,18.89,90.47,11.90,10.05,12.60,11.28,13.27,9.37,13.52,8.48,21.33,4.45,4.61,5.76,0.82,0.48,0.75,4.45,73.45,1.18,19.05,18.59,16.20,18.43,86.98,16.89,16.83,19.12,18.06,16.07,74.42,1.23,8.06,9.60,8.14,9.37,7.53,1.15,9.14,9.98,10.21}
{0.55,2.63,7.88,7.92,8.64,1.33,1.65,0.51}
{Inf,-64.14,-56.08,-70.92,-57.24,-71.31,Inf,-62.81,-56.71,-55.88,-65.38,-43.60,-51.84,Inf,-67.89,-64.38,-59.62,-54.94,-67.22,-67.52,-60.57,Inf,-59.43,-61.14,-57.69,-64.89,-59.66,-62.77,-49.59,-62.11,Inf,-58.90,-55.27,-55.46,-62.40,-63.98,-62.72,-58.70,Inf,-67.35,-60.73,-60.71,-67.03,-60.56,Inf,-59.98,-59.49,-56.11,-61.75,-61.27,Inf,-67.92,-64.49,-64.51,-58.15,-64.36,-63.80,-68.27,-53.35,-64.95,-66.40}
{Inf,-85.19,-75.93,-89.77,-90.67,-103.02,-105.86,-115.06;
-91.21,Inf,-92.78,-72.92,-100.00,-93.68,-112.05,-108.87;
-78.94,-89.77,Inf,-85.19,-72.92,-92.78,-90.67,-103.02;
-95.79,-72.92,-88.20,Inf,-89.77,-75.93,-100.00,-93.68;
-96.69,-100.00,-75.93,-89.77,Inf,-88.20,-72.92,-92.78;
-106.03,-90.67,-92.78,-72.92,-85.19,Inf,-89.77,-75.93;
-111.88,-112.05,-93.68,-100.00,-72.92,-92.78,Inf,-88.20;
-118.07,-105.86,-103.02,-90.67,-89.77,-75.93,-85.19,Inf}
 KOMONDOR SIMULATION 'sim_input_nodes_sce2b_deployment_09.csv' (seed 1992)
{167.12,9.37,26.96,24.12,26.04,23.65,24.73,13.52,18.74,50.92,6.45,13.29,14.13,6.99,9.60,0.31,0.15,13.75,2.15,1.61,1.61,2.23,2.23,0.92,1.00,2.00,84.69,17.05,13.68,15.66,11.76,11.10,15.44,88.01,25.04,8.52,1.84,4.07,8.60,4.92,6.91,22.27,5.84,116.65,15.32,18.43,16.62,15.53,19.70,13.89,17.17,77.06,8.16,17.85,19.12,17.97,13.95,217.19,46.16,45.08,44.08,44.77,37.09}
{1.17,0.12,3.56,7.16,0.49,0.62,13.77,0.39}
{Inf,-68.04,-57.05,-63.56,-56.05,-57.25,-59.27,-65.18,-64.14,Inf,-67.68,-68.53,-59.81,-67.69,-64.10,-70.24,-71.39,Inf,-61.38,-60.98,-58.24,-57.29,-56.15,-67.24,-63.89,-68.24,Inf,-57.63,-61.52,-61.87,-61.73,-64.76,-55.68,Inf,-61.23,-69.37,-70.66,-70.81,-67.59,-65.09,-64.23,-61.25,-70.89,Inf,-60.14,-56.43,-63.81,-61.51,-59.60,-62.26,-61.62,Inf,-64.21,-63.21,-57.24,-57.77,-61.03,Inf,-59.75,-59.24,-52.34,-68.09,-64.53}
{Inf,-91.21,-75.93,-89.77,-96.69,-100.00,-105.86,-115.06;
-88.20,Inf,-92.78,-72.92,-106.03,-90.67,-112.05,-108.87;
-75.93,-95.79,Inf,-85.19,-78.94,-89.77,-90.67,-103.02;
-92.78,-78.94,-88.20,Inf,-95.79,-72.92,-100.00,-93.68;
-93.68,-106.03,-75.93,-89.77,Inf,-85.19,-72.92,-92.78;
-103.02,-96.69,-92.78,-72.92,-91.21,Inf,-89.77,-75.93;
-108.87,-118.07,-93.68,-100.00,-78.94,-89.77,Inf,-88.20;
-115.06,-111.88,-103.02,-90.67,-95.79,-72.92,-85.19,Inf}
 KOMONDOR SIMULATION 'sim_input_nodes_sce2b_deployment_10.csv' (seed 1992)
{63.51,26.11,0.84,11.14,0.54,24.88,165.96,31.64,34.56,17.66,32.87,16.51,32.72,105.22,18.74,17.74,20.97,10.06,14.59,23.12,8.76,1.38,1.15,0.54,0.84,0.08,1.54,1.31,0.46,1.46,38.40,6.91,4.22,2.84,6.53,4.38,6.30,5.38,1.84,0.00,226.18,33.79,31.64,26.27,32.79,34.56,33.72,33.41,193.84,21.58,15.97,22.50,18.97,19.43,19.89,18.28,17.97,20.04,19.20,110.99,10.44,17.58,15.73,17.92,15.60,18.06,15.66}
{1.67,2.97,1.97,0.20,0.20,1.46,2.07,0.32}
{Inf,-61.53,-71.12,-70.73,-70.45,-57.56,Inf,-61.55,-56.23,-66.27,-62.25,-66.32,-63.16,Inf,-62.90,-67.27,-55.22,-65.63,-66.19,-50.40,Inf,-60.21,-59.92,-67.35,-62.29,-70.62,-55.99,-66.67,-67.28,-65.92,Inf,-56.24,-70.84,-71.28,-65.04,-64.33,-63.24,-54.17,-66.73,-70.12,Inf,-59.41,-64.62,-64.33,-62.15,-56.03,-64.46,-48.74,Inf,-57.72,-62.97,-65.75,-48.05,-62.16,-66.53,-49.34,-54.03,-62.59,-59.19,Inf,-65.10,-63.65,-62.08,-62.48,-59.83,-60.10,-59.50}
{Inf,-88.20,-75.93,-95.79,-96.69,-103.02,-108.87,-112.05;
-91.21,Inf,-92.78,-78.94,-106.03,-93.68,-115.06,-105.86;
-78.94,-92.78,Inf,-91.21,-78.94,-92.78,-93.68,-100.00;
-95.79,-75.93,-88.20,Inf,-95.79,-75.93,-103.02,-90.67;
-96.69,-103.02,-75.93,-95.79,Inf,-88.20,-75.93,-89.77;
-106.03,-93.68,-92.78,-78.94,-91.21,Inf,-92.78,-72.92;
-111.88,-115.06,-93.68,-106.03,-78.94,-92.78,Inf,-85.19;
-118.07,-108.87,-103.02,-96.69,-95.79,-75.93,-88.20,Inf}
 KOMONDOR SIMULATION 'sim_input_nodes_sce2b_deployment_11.csv' (seed 1992)
{149.30,18.12,18.66,18.12,16.59,20.12,18.28,14.98,5.53,18.89,172.65,21.04,14.67,16.74,20.51,19.81,20.81,22.20,20.89,15.97,57.14,13.75,9.06,9.75,13.36,11.21,35.33,2.30,3.61,6.76,1.92,5.99,3.15,5.91,5.68,68.28,12.36,3.76,12.13,1.69,11.06,13.21,10.06,3.99,61.29,5.84,17.89,7.76,15.67,14.13,112.44,26.42,22.20,29.34,11.90,22.58,90.47,13.44,7.37,19.58,1.54,16.05,20.35,12.13}
{3.04,0.88,0.49,0.37,10.56,19.42,0.08,0.12}
{Inf,-63.75,-65.03,-52.91,-65.94,-51.44,-56.61,-65.45,-67.47,-65.83,Inf,-58.46,-67.95,-67.15,-60.19,-64.81,-60.22,-54.53,-57.92,-66.71,Inf,-61.75,-69.05,-70.01,-65.30,-62.36,Inf,-68.69,-66.81,-68.83,-69.25,-62.40,-66.65,-67.32,-60.52,Inf,-56.53,-66.41,-63.63,-66.22,-59.19,-51.23,-63.10,-66.69,Inf,-65.76,-61.27,-65.42,-61.89,-62.85,Inf,-56.46,-70.50,-64.91,-70.22,-69.63,Inf,-67.05,-69.66,-69.82,-70.64,-63.03,-62.33,-66.60}
{Inf,-88.20,-78.94,-95.79,-93.68,-103.02,-111.88,-118.07;
-88.20,Inf,-95.79,-78.94,-103.02,-93.68,-118.07,-111.88;
-75.93,-92.78,Inf,-91.21,-75.93,-92.78,-96.69,-106.03;
-92.78,-75.93,-91.21,Inf,-92.78,-75.93,-106.03,-96.69;
-93.68,-103.02,-78.94,-95.79,Inf,-88.20,-78.94,-95.79;
-103.02,-93.68,-95.79,-78.94,-88.20,Inf,-95.79,-78.94;
-108.87,-115.06,-96.69,-106.03,-75.93,-92.78,Inf,-91.21;
-115.06,-108.87,-106.03,-96.69,-92.78,-75.93,-91.21,Inf}
 KOMONDOR SIMULATION 'sim_input_nodes_sce2b_deployment_12.csv' (seed 1992)
{155.98,8.68,13.90,24.12,19.58,22.35,0.54,23.58,23.65,0.54,19.05,94.91,10.60,9.23,4.51,3.15,10.86,13.52,13.98,2.26,12.83,13.98,102.91,13.36,13.13,10.44,12.90,11.98,12.83,14.44,13.13,0.00,0.69,199.76,25.42,25.80,27.49,16.28,25.80,24.96,27.11,26.88,63.90,7.37,10.06,8.29,10.21,9.83,11.83,6.30,8.22,0.54,1.15,1.38,1.38,1.92,0.54,1.31,109.90,16.05,19.89,28.34,27.19,18.43,117.20,19.20,4.45,17.43,7.07,18.36,14.13,19.35,17.20}
{0.97,21.82,0.07,3.75,1.68,0.97,0.70,27.77}
{Inf,-67.59,-66.76,-54.00,-60.68,-58.59,-69.13,-48.39,-50.81,-69.94,-71.21,Inf,-61.12,-63.41,-61.87,-62.70,-64.13,-57.86,-49.58,-63.13,-52.28,-57.15,Inf,-53.54,-62.82,-64.90,-64.55,-62.28,-54.95,-71.41,-60.00,-70.60,-71.00,Inf,-56.69,-61.60,-63.87,-65.07,-63.08,-61.01,-50.96,-64.45,Inf,-64.23,-59.41,-62.69,-52.99,-68.06,-56.55,-63.70,Inf,-65.79,-66.18,-57.84,-63.23,-57.43,-67.10,-65.92,Inf,-65.06,-68.06,-62.90,-58.11,-64.27,Inf,-59.33,-65.62,-67.04,-65.44,-54.03,-63.46,-64.25,-60.58}
{Inf,-85.19,-78.94,-92.78,-93.68,-103.02,-108.87,-115.06;
-91.21,Inf,-95.79,-75.93,-103.02,-93.68,-115.06,-108.87;
-78.94,-89.77,Inf,-88.20,-75.93,-92.78,-93.68,-103.02;
-95.79,-72.92,-91.21,Inf,-92.78,-75.93,-103.02,-93.68;
-96.69,-100.00,-78.94,-92.78,Inf,-88.20,-75.93,-92.78;
-106.03,-90.67,-95.79,-75.93,-88.20,Inf,-92.78,-75.93;
-111.88,-112.05,-96.69,-103.02,-75.93,-92.78,Inf,-88.20;
-118.07,-105.86,-106.03,-93.68,-92.78,-75.93,-88.20,Inf}
 KOMONDOR SIMULATION 'sim_input_nodes_sce2b_deployment_13.csv' (seed 1992)
{121.97,19.56,31.18,22.08,20.88,28.26,148.22,36.10,34.33,5.68,36.17,35.94,112.36,1.08,26.88,8.14,7.99,20.74,27.03,20.51,7.30,1.31,0.08,0.46,0.92,0.92,1.00,1.00,0.69,0.92,11.98,1.31,1.00,1.84,1.15,0.92,1.38,1.54,1.31,1.54,147.61,15.51,3.76,1.15,6.91,21.12,19.20,19.43,22.20,19.51,18.82,307.28,41.63,43.78,43.55,30.95,22.81,40.40,44.62,39.55,105.71,0.82,13.29,11.76,15.44,11.83,10.47,4.86,11.29,10.98,14.98}
{0.00,0.45,2.30,0.46,0.36,1.32,1.23,18.40}
{Inf,-65.43,-56.51,-64.36,-64.18,-56.85,Inf,-65.83,-66.72,-67.87,-58.39,-64.68,Inf,-68.27,-61.60,-67.11,-65.20,-63.49,-62.20,-66.99,Inf,-61.70,-67.81,-61.23,-67.44,-59.83,-58.16,-62.65,-68.01,-66.26,Inf,-63.09,-68.63,-62.27,-62.52,-70.14,-63.62,-58.13,-65.82,-51.04,Inf,-62.66,-67.73,-68.07,-66.44,-60.74,-57.35,-63.23,-53.47,-62.56,-61.75,Inf,-67.91,-61.87,-64.06,-64.42,-67.84,-66.03,-56.65,-61.94,Inf,-63.93,-41.78,-60.06,-56.24,-60.37,-59.69,-61.56,-63.99,-64.68,-49.62}
{Inf,-88.20,-75.93,-92.78,-96.69,-103.02,-111.88,-112.05;
-85.19,Inf,-92.78,-75.93,-106.03,-93.68,-118.07,-105.86;
-72.92,-92.78,Inf,-88.20,-78.94,-92.78,-96.69,-100.00;
-89.77,-75.93,-88.20,Inf,-95.79,-75.93,-106.03,-90.67;
-90.67,-103.02,-75.93,-92.78,Inf,-88.20,-78.94,-89.77;
-100.00,-93.68,-92.78,-75.93,-91.21,Inf,-95.79,-72.92;
-105.86,-115.06,-93.68,-103.02,-78.94,-92.78,Inf,-85.19;
-112.05,-108.87,-103.02,-93.68,-95.79,-75.93,-91.21,Inf}
 KOMONDOR SIMULATION 'sim_input_nodes_sce2b_deployment_14.csv' (seed 1992)
{70.36,8.14,9.78,1.56,8.89,11.29,9.44,8.82,12.44,91.32,13.67,11.44,10.83,11.67,11.14,14.28,12.29,5.99,19.51,3.12,2.26,0.12,2.60,4.31,2.80,4.30,54.24,2.28,7.83,7.22,4.45,5.06,2.40,9.68,6.91,8.41,52.15,8.68,3.61,4.30,8.06,9.45,8.37,0.84,8.83,29.88,0.31,4.68,4.92,1.23,2.53,5.68,1.69,3.30,5.53,122.80,15.28,14.52,14.90,17.43,14.67,8.99,14.13,14.21,8.68,151.30,16.90,15.51,19.58,13.21,20.74,19.28,9.52,17.43,19.12}
{5.78,0.62,6.17,27.11,12.35,0.12,2.74,2.60}
{Inf,-61.84,-61.01,-64.84,-60.51,-51.06,-62.09,-64.76,-53.89,Inf,-57.10,-71.19,-65.31,-57.57,-65.67,-54.02,-69.73,-70.39,Inf,-64.43,-63.71,-64.77,-62.47,-62.98,-59.44,-58.43,Inf,-64.28,-58.95,-57.60,-61.98,-61.47,-64.80,-47.83,-59.05,-59.37,Inf,-56.87,-67.24,-68.33,-63.08,-55.66,-59.76,-67.47,-67.69,Inf,-71.35,-62.84,-71.19,-70.00,-65.79,-60.91,-68.35,-67.95,-62.14,Inf,-57.76,-51.62,-57.29,-62.11,-59.11,-67.71,-55.22,-60.54,-63.00,Inf,-55.96,-65.84,-56.01,-67.66,-54.71,-68.17,-66.14,-61.97,-65.52}
{Inf,-91.21,-72.92,-89.77,-93.68,-106.03,-108.87,-115.06;
-85.19,Inf,-89.77,-72.92,-103.02,-96.69,-115.06,-108.87;
-72.92,-95.79,Inf,-85.19,-75.93,-95.79,-93.68,-103.02;
-89.77,-78.94,-85.19,Inf,-92.78,-78.94,-103.02,-93.68;
-90.67,-106.03,-72.92,-89.77,Inf,-91.21,-75.93,-92.78;
-100.00,-96.69,-89.77,-72.92,-88.20,Inf,-92.78,-75.93;
-105.86,-118.07,-90.67,-100.00,-75.93,-95.79,Inf,-88.20;
-112.05,-111.88,-100.00,-90.67,-92.78,-78.94,-88.20,Inf}
 KOMONDOR SIMULATION 'sim_input_nodes_sce2b_deployment_15.csv' (seed 1992)
{161.20,0.00,24.73,22.35,25.42,0.15,25.04,25.50,12.98,25.04,113.84,21.03,14.47,17.74,3.19,21.35,17.57,18.49,39.24,5.30,3.53,4.22,3.84,4.38,3.07,5.22,4.45,0.15,5.07,79.80,3.56,17.74,16.55,12.60,17.59,11.76,121.96,5.61,16.05,18.89,8.45,20.04,28.03,24.88,119.85,20.79,21.61,17.22,16.86,19.63,23.73,107.71,20.45,27.19,16.35,22.30,21.43,124.41,21.84,25.03,27.88,26.33,23.32}
{0.00,0.49,2.37,14.19,0.12,0.54,7.23,0.38}
{Inf,-70.97,-69.39,-70.13,-64.30,-70.00,-65.23,-64.18,-67.29,-59.54,Inf,-63.13,-67.44,-59.91,-64.50,-55.88,-68.19,-63.48,Inf,-56.21,-61.90,-58.79,-63.41,-58.44,-64.56,-56.96,-65.93,-67.43,-53.93,Inf,-61.53,-55.94,-62.25,-64.20,-56.98,-64.39,Inf,-71.17,-67.27,-64.72,-70.67,-67.07,-55.77,-59.74,Inf,-60.72,-62.46,-64.29,-64.67,-60.43,-58.16,Inf,-63.84,-57.04,-63.13,-62.91,-49.63,Inf,-65.01,-62.45,-55.33,-60.38,-63.82}
{Inf,-88.20,-75.93,-89.77,-96.69,-100.00,-105.86,-112.05;
-91.21,Inf,-92.78,-72.92,-106.03,-90.67,-112.05,-105.86;
-78.94,-92.78,Inf,-85.19,-78.94,-89.77,-90.67,-100.00;
-95.79,-75.93,-88.20,Inf,-95.79,-72.92,-100.00,-90.67;
-96.69,-103.02,-75.93,-89.77,Inf,-85.19,-72.92,-89.77;
-106.03,-93.68,-92.78,-72.92,-91.21,Inf,-89.77,-72.92;
-111.88,-115.06,-93.68,-100.00,-78.94,-89.77,Inf,-85.19;
-118.07,-108.87,-103.02,-90.67,-95.79,-72.92,-85.19,Inf}
 KOMONDOR SIMULATION 'sim_input_nodes_sce2b_deployment_16.csv' (seed 1992)
{89.40,11.60,24.81,10.14,21.27,21.58,92.70,7.07,12.83,14.75,1.69,7.83,10.29,10.83,13.06,6.14,8.22,37.79,1.46,0.31,8.68,1.77,4.15,15.82,2.46,3.15,81.79,3.84,3.69,13.82,7.83,16.51,0.38,2.92,14.52,18.28,79.22,4.92,21.20,16.69,19.58,16.83,85.16,18.05,12.44,17.20,10.26,14.82,12.38,251.37,48.00,52.38,50.61,50.07,50.30,140.89,17.13,17.59,20.89,16.35,17.17,14.84,17.65,19.28}
{3.59,0.62,0.00,1.70,46.41,42.05,0.17,0.27}
{Inf,-64.94,-56.18,-67.37,-56.92,-65.18,Inf,-69.73,-61.23,-65.45,-69.46,-65.92,-64.05,-65.57,-69.73,-65.96,-65.44,Inf,-67.86,-71.41,-65.65,-68.85,-68.71,-52.37,-69.46,-65.99,Inf,-70.33,-65.46,-62.63,-67.92,-62.35,-71.44,-70.96,-66.87,-51.05,Inf,-62.61,-54.83,-62.69,-40.68,-63.96,Inf,-50.25,-57.24,-51.17,-59.94,-57.42,-60.63,Inf,-55.19,-57.85,-66.69,-55.43,-63.90,Inf,-44.54,-58.36,-55.80,-63.98,-59.89,-60.36,-63.47,-57.44}
{Inf,-91.21,-78.94,-95.79,-90.67,-100.00,-108.87,-112.05;
-88.20,Inf,-95.79,-78.94,-100.00,-90.67,-115.06,-105.86;
-75.93,-95.79,Inf,-91.21,-72.92,-89.77,-93.68,-100.00;
-92.78,-78.94,-91.21,Inf,-89.77,-72.92,-103.02,-90.67;
-93.68,-106.03,-78.94,-95.79,Inf,-85.19,-75.93,-89.77;
-103.02,-96.69,-95.79,-78.94,-85.19,Inf,-92.78,-72.92;
-108.87,-118.07,-96.69,-106.03,-72.92,-89.77,Inf,-85.19;
-115.06,-111.88,-106.03,-96.69,-89.77,-72.92,-88.20,Inf}
 KOMONDOR SIMULATION 'sim_input_nodes_sce2b_deployment_17.csv' (seed 1992)
{99.99,4.30,13.98,3.23,3.53,5.84,10.21,14.28,15.13,14.28,15.21,97.52,18.77,11.90,18.17,15.21,8.57,19.05,0.83,5.04,28.26,2.92,4.22,7.76,7.07,0.15,6.14,57.67,6.60,3.83,6.50,8.14,5.61,7.91,6.84,7.87,2.74,1.64,44.69,11.29,13.36,4.79,6.91,8.34,58.73,0.77,2.07,13.06,7.14,1.99,5.52,9.13,9.14,9.91,97.15,15.36,26.34,21.27,11.52,22.66,65.13,13.06,16.28,19.97,14.21,1.61}
{1.20,24.11,0.44,23.08,33.20,28.34,0.00,0.14}
{Inf,-67.04,-67.83,-65.85,-66.69,-67.45,-62.95,-59.32,-57.60,-59.21,-51.49,Inf,-66.27,-60.42,-64.45,-59.42,-62.14,-61.56,-67.78,-62.99,Inf,-66.84,-66.36,-49.37,-63.50,-68.05,-64.55,Inf,-64.84,-59.10,-59.99,-55.86,-61.06,-52.98,-54.40,-63.66,-60.67,-63.60,Inf,-55.03,-55.78,-62.91,-59.50,-61.91,Inf,-66.77,-65.76,-68.05,-64.26,-65.00,-63.04,-63.29,-61.51,-60.94,Inf,-68.99,-61.31,-66.61,-71.09,-67.15,Inf,-68.45,-64.16,-61.68,-64.93,-70.74}
{Inf,-88.20,-75.93,-89.77,-90.67,-103.02,-111.88,-118.07;
-88.20,Inf,-92.78,-72.92,-100.00,-93.68,-118.07,-111.88;
-75.93,-92.78,Inf,-85.19,-72.92,-92.78,-96.69,-106.03;
-92.78,-75.93,-88.20,Inf,-89.77,-75.93,-106.03,-96.69;
-93.68,-103.02,-75.93,-89.77,Inf,-88.20,-78.94,-95.79;
-103.02,-93.68,-92.78,-72.92,-85.19,Inf,-95.79,-78.94;
-108.87,-115.06,-93.68,-100.00,-72.92,-92.78,Inf,-91.21;
-115.06,-108.87,-103.02,-90.67,-89.77,-75.93,-91.21,Inf}
 KOMONDOR SIMULATION 'sim_input_nodes_sce2b_deployment_18.csv' (seed 1992)
{135.17,13.82,13.90,12.13,13.82,14.98,13.06,14.05,11.83,13.67,13.90,63.80,6.02,15.13,11.44,8.52,11.63,11.06,70.12,8.14,5.38,3.07,7.07,8.14,7.22,6.53,9.45,8.29,6.84,60.02,6.48,8.83,10.14,8.34,8.96,7.52,4.68,5.06,52.99,10.14,5.76,11.21,9.22,11.29,5.38,141.00,25.19,22.50,22.58,26.04,24.12,20.58,96.08,10.83,20.35,23.35,24.27,17.28,120.42,24.88,20.58,26.57,29.11,19.28}
{4.06,0.56,0.63,6.25,2.02,2.54,5.66,0.00}
{Inf,-53.29,-60.97,-66.48,-56.27,-55.79,-60.37,-67.46,-66.10,-57.49,-64.41,Inf,-65.02,-56.30,-58.16,-64.35,-59.30,-43.06,Inf,-67.36,-63.41,-65.52,-66.20,-64.75,-68.35,-63.77,-52.67,-57.99,-67.06,Inf,-64.19,-53.67,-53.11,-59.43,-61.39,-62.64,-64.03,-65.11,Inf,-56.20,-63.71,-66.05,-64.86,-57.17,-62.75,Inf,-58.00,-62.36,-45.12,-55.56,-65.78,-63.55,Inf,-66.09,-64.42,-65.67,-60.46,-68.10,Inf,-62.63,-68.53,-61.70,-64.13,-70.42}
{Inf,-85.19,-75.93,-89.77,-93.68,-103.02,-108.87,-118.07;
-88.20,Inf,-92.78,-72.92,-103.02,-93.68,-115.06,-111.88;
-75.93,-89.77,Inf,-85.19,-75.93,-92.78,-93.68,-106.03;
-92.78,-72.92,-88.20,Inf,-92.78,-75.93,-103.02,-96.69;
-93.68,-100.00,-75.93,-89.77,Inf,-88.20,-75.93,-95.79;
-103.02,-90.67,-92.78,-72.92,-88.20,Inf,-92.78,-78.94;
-108.87,-112.05,-93.68,-100.00,-75.93,-92.78,Inf,-91.21;
-115.06,-105.86,-103.02,-90.67,-92.78,-75.93,-88.20,Inf}
 KOMONDOR SIMULATION 'sim_input_nodes_sce2b_deployment_19.csv' (seed 1992)
{120.88,41.93,6.22,40.86,31.87,0.00,127.67,21.12,22.89,18.40,7.32,15.32,20.74,21.89,12.69,3.07,0.00,3.23,0.09,0.41,1.57,0.12,0.21,3.99,61.44,13.27,4.10,0.24,7.73,8.14,13.90,14.05,102.84,17.78,19.08,24.50,20.81,20.66,96.92,5.84,20.81,21.73,10.29,8.45,19.12,0.92,9.75,188.39,14.21,14.90,27.72,27.19,25.50,28.11,28.88,21.89,82.32,12.67,6.07,12.90,11.01,13.59,12.59,0.21,0.00,13.29}
{0.00,2.11,12.51,38.84,4.00,-0.00,0.32,24.07}
{Inf,-57.08,-70.73,-70.89,-68.29,-71.41,Inf,-42.51,-55.72,-59.44,-64.61,-63.29,-55.65,-57.99,Inf,-57.67,-65.42,-49.55,-65.24,-63.43,-60.07,-64.43,-62.77,-57.57,Inf,-61.76,-60.43,-64.80,-62.74,-58.46,-52.17,-53.66,Inf,-59.59,-63.59,-55.02,-47.52,-57.51,Inf,-68.21,-64.48,-60.26,-60.86,-69.16,-69.66,-71.00,-60.79,Inf,-64.75,-63.23,-66.57,-50.58,-63.55,-68.33,-54.10,-66.85,Inf,-46.49,-57.83,-56.42,-61.43,-50.66,-63.34,-60.20,-65.22,-57.62}
{Inf,-85.19,-72.92,-89.77,-90.67,-106.03,-108.87,-112.05;
-91.21,Inf,-89.77,-72.92,-100.00,-96.69,-115.06,-105.86;
-78.94,-89.77,Inf,-85.19,-72.92,-95.79,-93.68,-100.00;
-95.79,-72.92,-85.19,Inf,-89.77,-78.94,-103.02,-90.67;
-96.69,-100.00,-72.92,-89.77,Inf,-91.21,-75.93,-89.77;
-106.03,-90.67,-89.77,-72.92,-85.19,Inf,-92.78,-72.92;
-111.88,-112.05,-90.67,-100.00,-72.92,-95.79,Inf,-85.19;
-118.07,-105.86,-100.00,-90.67,-89.77,-78.94,-88.20,Inf}
 KOMONDOR SIMULATION 'sim_input_nodes_sce2b_deployment_20.csv' (seed 1992)
{178.71,14.21,25.19,24.65,23.42,23.27,25.04,26.27,16.67,110.52,19.74,10.21,17.59,9.68,17.20,18.74,17.36,126.03,10.72,19.51,19.70,20.18,19.63,15.87,20.43,63.51,11.29,3.53,10.68,9.37,10.91,8.91,8.83,66.29,5.81,7.80,7.45,6.84,6.84,7.59,9.29,7.76,6.91,66.89,7.37,2.53,6.07,5.84,6.76,8.22,7.30,7.68,8.29,6.84,70.78,11.40,14.98,16.74,11.76,15.90,127.33,17.05,14.67,16.67,8.68,16.36,11.52,16.13,16.20,10.06}
{0.81,2.14,0.00,0.36,10.93,0.00,4.99,2.54}
{Inf,-66.72,-58.91,-59.60,-62.50,-66.38,-55.79,-67.31,-65.44,Inf,-64.52,-65.53,-68.16,-68.16,-67.36,-57.81,-57.66,Inf,-65.08,-52.42,-60.84,-59.44,-62.72,-61.58,-57.72,Inf,-58.39,-68.11,-61.43,-63.75,-68.32,-63.31,-62.65,Inf,-61.04,-62.33,-57.60,-57.62,-54.59,-62.71,-46.33,-56.26,-57.46,Inf,-60.62,-68.08,-67.49,-63.68,-63.45,-60.90,-64.79,-58.25,-65.18,-58.25,Inf,-64.20,-54.49,-56.98,-62.95,-56.61,Inf,-64.61,-59.32,-58.96,-64.37,-58.73,-63.48,-67.16,-64.30,-63.45}
{Inf,-88.20,-72.92,-92.78,-90.67,-103.02,-105.86,-115.06;
-88.20,Inf,-89.77,-75.93,-100.00,-93.68,-112.05,-108.87;
-75.93,-92.78,Inf,-88.20,-72.92,-92.78,-90.67,-103.02;
-92.78,-75.93,-85.19,Inf,-89.77,-75.93,-100.00,-93.68;
-93.68,-103.02,-72.92,-92.78,Inf,-88.20,-72.92,-92.78;
-103.02,-93.68,-89.77,-75.93,-85.19,Inf,-89.77,-75.93;
-108.87,-115.06,-90.67,-103.02,-72.92,-92.78,Inf,-88.20;
-115.06,-108.87,-100.00,-93.68,-89.77,-75.93,-85.19,Inf}
 KOMONDOR SIMULATION 'sim_input_nodes_sce2b_deployment_21.csv' (seed 1992)
{90.02,21.12,19.15,19.58,11.35,18.81,82.75,10.44,10.74,10.98,5.06,8.28,5.47,1.74,7.68,11.60,10.75,205.13,34.56,32.18,34.71,35.17,33.33,35.17,60.93,7.22,6.63,7.73,6.36,7.83,5.28,6.60,5.95,7.32,54.00,6.50,6.84,7.39,4.04,4.80,8.68,8.99,6.77,56.99,7.46,6.50,8.14,9.37,8.91,4.79,6.36,5.47,58.14,9.06,13.13,10.68,13.67,11.60,121.19,15.46,17.59,16.32,13.82,15.05,15.73,13.75,13.47}
{39.33,54.43,0.00,5.77,17.21,10.67,13.60,0.00}
{Inf,-58.66,-62.81,-58.33,-59.56,-62.39,Inf,-55.29,-60.21,-52.92,-60.84,-64.83,-61.12,-64.11,-58.25,-53.35,-45.45,Inf,-65.06,-58.80,-67.06,-57.65,-67.21,-61.74,Inf,-57.10,-61.58,-63.78,-63.68,-57.48,-64.49,-53.27,-60.94,-63.75,Inf,-62.31,-60.33,-62.20,-62.81,-64.32,-42.42,-57.45,-63.46,Inf,-59.26,-62.52,-55.40,-54.38,-50.66,-65.34,-64.72,-65.15,Inf,-64.49,-57.71,-64.83,-54.66,-51.46,Inf,-62.09,-58.51,-64.44,-59.06,-60.18,-62.19,-62.73,-63.77}
{Inf,-85.19,-75.93,-89.77,-90.67,-100.00,-105.86,-112.05;
-85.19,Inf,-92.78,-72.92,-100.00,-90.67,-112.05,-105.86;
-72.92,-89.77,Inf,-85.19,-72.92,-89.77,-90.67,-100.00;
-89.77,-72.92,-88.20,Inf,-89.77,-72.92,-100.00,-90.67;
-90.67,-100.00,-75.93,-89.77,Inf,-85.19,-72.92,-89.77;
-100.00,-90.67,-92.78,-72.92,-85.19,Inf,-89.77,-72.92;
-105.86,-112.05,-93.68,-100.00,-72.92,-89.77,Inf,-85.19;
-112.05,-105.86,-103.02,-90.67,-89.77,-72.92,-85.19,Inf}
 KOMONDOR SIMULATION 'sim_input_nodes_sce2b_deployment_22.csv' (seed 1992)
{165.04,16.28,17.51,17.74,13.06,18.36,17.66,5.68,20.20,22.43,16.13,145.19,23.58,23.80,22.50,21.24,26.19,27.88,131.71,24.27,21.34,22.23,25.50,23.05,15.32,172.57,37.02,13.13,37.56,12.67,34.10,38.09,52.54,9.60,9.30,7.73,9.91,11.22,4.79,5.22,1.08,1.23,0.46,1.54,0.92,24.85,6.45,7.59,0.68,2.46,7.66,167.19,6.30,22.50,31.41,33.95,32.10,5.91,35.02}
{0.56,0.00,0.00,1.29,1.42,0.00,26.18,1.22}
{Inf,-57.78,-65.51,-63.20,-66.52,-57.43,-65.37,-68.35,-66.78,-67.35,-64.37,Inf,-54.35,-61.97,-62.63,-64.63,-51.56,-52.61,Inf,-53.72,-61.97,-62.89,-48.69,-60.58,-65.21,Inf,-57.64,-67.21,-58.61,-68.07,-60.00,-53.86,Inf,-54.02,-61.84,-61.82,-55.47,-61.66,-61.90,Inf,-66.40,-66.71,-68.07,-68.03,-69.61,Inf,-58.48,-60.26,-60.15,-58.20,-62.45,Inf,-68.44,-63.37,-60.23,-51.50,-49.28,-67.20,-57.08}
{Inf,-85.19,-72.92,-92.78,-90.67,-106.03,-105.86,-115.06;
-88.20,Inf,-89.77,-75.93,-100.00,-96.69,-112.05,-108.87;
-75.93,-89.77,Inf,-88.20,-72.92,-95.79,-90.67,-103.02;
-92.78,-72.92,-85.19,Inf,-89.77,-78.94,-100.00,-93.68;
-93.68,-100.00,-72.92,-92.78,Inf,-91.21,-72.92,-92.78;
-103.02,-90.67,-89.77,-75.93,-85.19,Inf,-89.77,-75.93;
-108.87,-112.05,-90.67,-103.02,-72.92,-95.79,Inf,-88.20;
-115.06,-105.86,-100.00,-93.68,-89.77,-78.94,-85.19,Inf}
 KOMONDOR SIMULATION 'sim_input_nodes_sce2b_deployment_23.csv' (seed 1992)
{63.73,12.24,14.21,13.89,12.38,11.01,273.18,48.84,51.69,51.76,52.15,55.91,12.83,52.64,3.84,3.58,5.98,7.83,5.15,6.37,6.30,7.37,0.61,5.61,12.06,1.61,2.38,3.53,2.46,0.00,2.07,40.50,4.99,7.18,11.37,3.15,0.36,3.63,9.83,123.88,5.38,13.67,30.18,17.74,28.42,28.49,95.91,12.66,5.20,16.90,14.67,14.90,14.95,10.92,2.75,2.95,119.04,10.53,12.31,10.20,13.61,11.46,13.41,11.29,13.59,11.83,10.81}
{5.92,0.85,9.91,0.12,20.82,0.50,18.33,0.11}
{Inf,-60.06,-52.76,-59.71,-62.56,-63.07,Inf,-59.32,-63.33,-65.24,-66.34,-65.99,-69.45,Inf,-65.11,-67.37,-63.90,-54.53,-67.41,-58.96,-61.44,-46.30,-67.39,-65.48,Inf,-69.34,-70.39,-61.58,-64.57,-70.13,-67.13,Inf,-60.81,-60.32,-51.80,-61.53,-64.48,-63.58,-57.00,Inf,-67.16,-67.17,-63.60,-66.62,-64.85,-67.26,Inf,-65.97,-68.03,-53.06,-59.67,-56.82,-67.92,-67.21,-67.84,-67.89,Inf,-59.58,-63.53,-64.30,-61.04,-64.60,-60.01,-62.06,-57.45,-62.99,-60.97}
{Inf,-91.21,-75.93,-95.79,-90.67,-103.02,-108.87,-112.05;
-85.19,Inf,-92.78,-78.94,-100.00,-93.68,-115.06,-105.86;
-72.92,-95.79,Inf,-91.21,-72.92,-92.78,-93.68,-100.00;
-89.77,-78.94,-88.20,Inf,-89.77,-75.93,-103.02,-90.67;
-90.67,-106.03,-75.93,-95.79,Inf,-88.20,-75.93,-89.77;
-100.00,-96.69,-92.78,-78.94,-85.19,Inf,-92.78,-72.92;
-105.86,-118.07,-93.68,-106.03,-72.92,-92.78,Inf,-85.19;
-112.05,-111.88,-103.02,-96.69,-89.77,-75.93,-88.20,Inf}
 KOMONDOR SIMULATION 'sim_input_nodes_sce2b_deployment_24.csv' (seed 1992)
{129.48,17.51,15.13,0.54,14.13,15.59,14.05,20.43,15.13,16.97,86.55,8.89,11.90,10.29,10.81,9.10,10.60,10.12,4.50,3.63,6.70,60.06,0.15,13.06,11.21,14.52,11.90,9.22,5.68,0.38,0.77,1.15,1.31,0.31,1.77,69.12,4.68,9.68,3.69,10.60,9.91,4.76,10.52,10.91,4.38,158.21,19.28,23.12,21.20,21.73,13.21,21.73,12.52,2.53,22.89,111.97,14.21,25.80,23.12,24.58,24.27,139.01,16.67,14.70,12.72,16.51,17.97,13.92,14.02,14.91,17.59}
{1.39,31.31,0.08,0.00,0.73,5.76,2.88,0.00}
{Inf,-62.43,-67.73,-66.60,-61.95,-62.29,-65.44,-67.54,-64.49,-55.06,Inf,-63.39,-50.92,-56.61,-61.17,-62.04,-62.49,-61.85,-64.82,-63.30,-63.65,Inf,-71.37,-68.99,-68.30,-56.03,-65.79,-64.51,Inf,-70.01,-69.32,-65.83,-64.22,-69.33,-66.04,Inf,-65.80,-47.35,-65.53,-48.13,-61.97,-67.91,-62.49,-49.99,-66.03,Inf,-59.04,-68.03,-59.90,-51.63,-68.13,-59.45,-66.40,-66.92,-55.96,Inf,-67.77,-63.15,-67.12,-55.08,-54.99,Inf,-43.98,-64.89,-64.37,-55.08,-55.08,-64.35,-62.55,-61.40,-50.38}
{Inf,-85.19,-78.94,-95.79,-93.68,-103.02,-108.87,-112.05;
-88.20,Inf,-95.79,-78.94,-103.02,-93.68,-115.06,-105.86;
-75.93,-89.77,Inf,-91.21,-75.93,-92.78,-93.68,-100.00;
-92.78,-72.92,-91.21,Inf,-92.78,-75.93,-103.02,-90.67;
-93.68,-100.00,-78.94,-95.79,Inf,-88.20,-75.93,-89.77;
-103.02,-90.67,-95.79,-78.94,-88.20,Inf,-92.78,-72.92;
-108.87,-112.05,-96.69,-106.03,-75.93,-92.78,Inf,-85.19;
-115.06,-105.86,-106.03,-96.69,-92.78,-75.93,-88.20,Inf}
 KOMONDOR SIMULATION 'sim_input_nodes_sce2b_deployment_25.csv' (seed 1992)
{127.64,19.51,14.98,14.13,6.30,10.37,4.45,18.20,19.05,20.66,137.16,14.75,15.21,21.50,20.12,9.14,23.65,21.66,11.14,63.36,7.60,10.14,7.53,9.68,3.53,7.76,7.45,9.68,69.35,7.14,11.29,5.68,7.99,14.59,8.52,14.13,58.44,8.37,9.83,8.29,8.99,10.75,10.29,1.92,41.09,2.38,4.07,6.68,6.45,0.69,5.99,5.61,7.45,1.77,132.25,27.88,22.96,25.50,27.57,28.34,128.26,24.12,23.58,18.89,24.04,25.50,12.13}
{0.07,0.36,2.55,1.54,2.07,0.85,1.96,3.89}
{Inf,-48.51,-66.09,-66.64,-69.33,-67.35,-70.10,-70.61,-70.08,-67.61,Inf,-65.14,-70.29,-65.36,-64.34,-69.68,-58.64,-55.70,-65.86,Inf,-64.20,-61.00,-63.95,-59.42,-66.09,-61.64,-63.76,-51.95,Inf,-66.72,-55.00,-66.22,-62.79,-63.71,-62.71,-66.16,Inf,-67.14,-68.38,-61.58,-66.21,-53.36,-61.94,-66.43,Inf,-68.38,-64.22,-49.61,-60.90,-67.77,-63.36,-64.58,-53.74,-67.08,Inf,-59.74,-63.51,-64.94,-64.91,-62.14,Inf,-60.16,-66.78,-64.67,-58.36,-54.09,-65.42}
{Inf,-91.21,-75.93,-92.78,-93.68,-103.02,-108.87,-115.06;
-91.21,Inf,-92.78,-75.93,-103.02,-93.68,-115.06,-108.87;
-78.94,-95.79,Inf,-88.20,-75.93,-92.78,-93.68,-103.02;
-95.79,-78.94,-88.20,Inf,-92.78,-75.93,-103.02,-93.68;
-96.69,-106.03,-75.93,-92.78,Inf,-88.20,-75.93,-92.78;
-106.03,-96.69,-92.78,-75.93,-88.20,Inf,-92.78,-75.93;
-111.88,-118.07,-93.68,-103.02,-75.93,-92.78,Inf,-88.20;
-118.07,-111.88,-103.02,-93.68,-92.78,-75.93,-88.20,Inf}
 KOMONDOR SIMULATION 'sim_input_nodes_sce2b_deployment_26.csv' (seed 1992)
{64.16,5.84,2.76,5.20,7.37,4.84,6.53,7.66,8.52,7.53,7.91,144.92,12.21,19.97,4.99,21.50,22.58,23.12,24.12,6.76,9.60,0.08,53.23,4.74,8.69,11.67,3.28,3.00,9.91,2.26,9.68,51.48,0.14,9.23,7.53,6.98,0.36,5.68,6.54,10.06,4.97,132.42,11.90,19.22,18.54,20.66,17.72,22.50,21.89,155.98,24.04,25.11,9.83,27.03,16.51,25.80,27.65,126.54,5.94,8.70,14.28,16.44,12.86,12.79,12.72,14.50,14.02,14.28,91.43,9.98,10.12,10.33,7.02,8.62,9.23,8.00,8.76,9.85,9.51}
{5.52,0.00,2.50,12.31,0.88,1.52,0.36,40.57}
{Inf,-58.12,-64.11,-60.23,-50.29,-58.49,-55.29,-60.84,-54.56,-54.64,-58.42,Inf,-70.60,-69.33,-67.17,-64.70,-60.14,-60.09,-60.99,-67.20,-70.25,-70.74,Inf,-65.37,-63.98,-52.05,-62.80,-64.51,-54.72,-63.71,-53.15,Inf,-65.24,-63.52,-55.96,-63.54,-64.58,-60.95,-64.15,-54.11,-65.31,Inf,-65.06,-62.38,-59.60,-49.97,-61.60,-57.97,-56.71,Inf,-60.24,-65.12,-67.98,-67.06,-67.40,-64.81,-52.15,Inf,-64.97,-64.72,-53.99,-47.86,-61.16,-60.51,-62.06,-61.20,-61.62,-49.67,Inf,-58.72,-59.11,-59.98,-65.29,-59.77,-60.45,-61.91,-61.34,-59.73,-62.99}
{Inf,-91.21,-72.92,-89.77,-90.67,-103.02,-105.86,-112.05;
-85.19,Inf,-89.77,-72.92,-100.00,-93.68,-112.05,-105.86;
-72.92,-95.79,Inf,-85.19,-72.92,-92.78,-90.67,-100.00;
-89.77,-78.94,-85.19,Inf,-89.77,-75.93,-100.00,-90.67;
-90.67,-106.03,-72.92,-89.77,Inf,-88.20,-72.92,-89.77;
-100.00,-96.69,-89.77,-72.92,-85.19,Inf,-89.77,-72.92;
-105.86,-118.07,-90.67,-100.00,-72.92,-92.78,Inf,-85.19;
-112.05,-111.88,-100.00,-90.67,-89.77,-75.93,-85.19,Inf}
 KOMONDOR SIMULATION 'sim_input_nodes_sce2b_deployment_27.csv' (seed 1992)
{77.72,10.83,5.82,5.82,11.83,12.06,6.70,4.62,10.88,9.17,195.46,22.58,23.58,20.97,22.81,21.73,21.27,20.81,19.51,22.20,23.42,4.38,0.08,2.76,3.00,5.61,5.07,2.53,6.37,1.61,0.54,0.08,1.15,0.38,1.54,1.08,35.19,0.96,3.21,5.22,6.14,3.63,4.53,3.42,4.58,2.74,0.75,117.54,7.98,15.82,13.09,15.28,15.82,17.04,2.04,9.22,14.90,6.35,61.36,11.98,10.29,4.22,11.14,10.14,10.14,3.46,66.55,7.93,10.68,9.10,12.29,2.05,2.53,4.47,10.37,7.14}
{24.08,0.73,0.27,0.12,37.05,5.33,2.54,15.01}
{Inf,-54.55,-64.88,-64.34,-51.82,-43.10,-61.03,-64.90,-62.91,-63.52,Inf,-65.77,-60.86,-67.11,-64.10,-63.29,-51.30,-56.06,-68.17,-67.98,Inf,-66.01,-70.61,-70.25,-68.32,-49.51,-52.60,-69.43,Inf,-60.20,-64.77,-71.35,-58.01,-70.71,-60.08,-70.30,Inf,-61.62,-64.01,-53.81,-46.99,-61.07,-58.59,-62.22,-60.36,-65.41,-62.94,Inf,-64.12,-50.53,-62.12,-55.99,-52.27,-62.34,-63.60,-63.31,-55.56,-63.54,Inf,-66.09,-65.08,-65.78,-68.43,-64.34,-66.35,-67.27,Inf,-63.35,-57.77,-59.49,-48.79,-62.56,-62.36,-65.37,-52.16,-64.25}
{Inf,-88.20,-78.94,-95.79,-90.67,-100.00,-108.87,-112.05;
-85.19,Inf,-95.79,-78.94,-100.00,-90.67,-115.06,-105.86;
-72.92,-92.78,Inf,-91.21,-72.92,-89.77,-93.68,-100.00;
-89.77,-75.93,-91.21,Inf,-89.77,-72.92,-103.02,-90.67;
-90.67,-103.02,-78.94,-95.79,Inf,-85.19,-75.93,-89.77;
-100.00,-93.68,-95.79,-78.94,-85.19,Inf,-92.78,-72.92;
-105.86,-115.06,-96.69,-106.03,-72.92,-89.77,Inf,-85.19;
-112.05,-108.87,-106.03,-96.69,-89.77,-72.92,-88.20,Inf}
 KOMONDOR SIMULATION 'sim_input_nodes_sce2b_deployment_28.csv' (seed 1992)
{93.00,13.61,15.18,16.90,16.13,14.44,16.74,124.88,23.81,21.35,23.04,23.04,16.20,17.43,62.75,21.73,17.97,5.30,7.91,9.83,46.23,10.21,1.61,11.98,2.84,2.69,1.15,13.44,0.77,1.54,44.76,0.00,6.57,7.39,9.37,1.57,2.76,2.69,3.35,11.06,98.26,13.08,17.58,23.32,25.80,18.47,297.83,51.46,52.61,51.15,56.60,33.79,52.22,141.19,31.87,29.49,28.52,19.51,31.80}
{14.28,1.05,0.61,1.46,16.70,3.33,0.00,5.79}
{Inf,-62.84,-61.26,-53.51,-55.30,-58.53,-52.76,Inf,-44.57,-57.89,-64.69,-49.40,-63.27,-64.15,Inf,-62.40,-67.05,-67.17,-66.20,-68.82,Inf,-63.23,-70.57,-63.84,-67.97,-70.74,-70.60,-59.99,-71.04,-67.89,Inf,-64.25,-60.08,-61.07,-57.73,-61.09,-58.20,-57.86,-59.94,-46.59,Inf,-64.39,-59.59,-59.72,-50.01,-60.48,Inf,-67.21,-59.17,-53.42,-59.66,-63.50,-61.97,Inf,-57.13,-53.94,-59.06,-58.10,-54.77}
{Inf,-88.20,-78.94,-95.79,-90.67,-100.00,-111.88,-112.05;
-85.19,Inf,-95.79,-78.94,-100.00,-90.67,-118.07,-105.86;
-72.92,-92.78,Inf,-91.21,-72.92,-89.77,-96.69,-100.00;
-89.77,-75.93,-91.21,Inf,-89.77,-72.92,-106.03,-90.67;
-90.67,-103.02,-78.94,-95.79,Inf,-85.19,-78.94,-89.77;
-100.00,-93.68,-95.79,-78.94,-85.19,Inf,-95.79,-72.92;
-105.86,-115.06,-96.69,-106.03,-72.92,-89.77,Inf,-85.19;
-112.05,-108.87,-106.03,-96.69,-89.77,-72.92,-91.21,Inf}
 KOMONDOR SIMULATION 'sim_input_nodes_sce2b_deployment_29.csv' (seed 1992)
{165.68,9.68,10.59,22.35,22.12,20.04,22.81,20.20,18.34,19.55,208.97,41.78,36.48,44.77,45.77,40.17,6.65,1.77,1.08,0.55,0.21,0.96,1.23,0.18,0.27,0.41,14.98,1.15,0.84,1.00,1.92,2.76,1.92,2.76,2.61,148.95,22.48,8.29,27.34,26.42,11.12,28.53,24.77,128.41,32.64,8.52,0.00,26.11,7.60,27.80,8.83,16.90,96.00,10.92,11.35,5.47,14.05,11.63,14.13,11.70,16.74,50.89,10.98,0.00,3.83,0.00,3.36,7.60,8.29,8.07,0.46,8.29}
{0.82,1.82,2.79,0.12,1.08,0.08,41.64,48.55}
{Inf,-65.80,-63.32,-57.57,-59.20,-57.86,-62.54,-60.78,-65.03,-68.28,Inf,-60.45,-66.93,-59.47,-57.75,-58.93,Inf,-53.77,-53.98,-59.95,-62.32,-63.71,-58.39,-65.38,-63.07,-61.81,Inf,-68.18,-69.07,-66.62,-67.42,-60.52,-63.27,-63.94,-62.95,Inf,-65.59,-65.05,-60.65,-60.56,-66.74,-66.18,-65.00,Inf,-63.50,-71.41,-71.30,-56.95,-71.13,-58.76,-69.13,-67.23,Inf,-64.87,-61.54,-59.92,-58.65,-61.79,-58.56,-61.59,-47.26,Inf,-54.07,-63.23,-63.22,-63.71,-64.33,-56.25,-54.96,-61.69,-65.43,-48.79}
{Inf,-88.20,-72.92,-95.79,-93.68,-106.03,-105.86,-112.05;
-88.20,Inf,-89.77,-78.94,-103.02,-96.69,-112.05,-105.86;
-75.93,-92.78,Inf,-91.21,-75.93,-95.79,-90.67,-100.00;
-92.78,-75.93,-85.19,Inf,-92.78,-78.94,-100.00,-90.67;
-93.68,-103.02,-72.92,-95.79,Inf,-91.21,-72.92,-89.77;
-103.02,-93.68,-89.77,-78.94,-88.20,Inf,-89.77,-72.92;
-108.87,-115.06,-90.67,-106.03,-75.93,-95.79,Inf,-85.19;
-115.06,-108.87,-100.00,-96.69,-92.78,-78.94,-85.19,Inf}
 KOMONDOR SIMULATION 'sim_input_nodes_sce2b_deployment_30.csv' (seed 1992)
{93.80,14.44,10.65,11.68,6.21,0.91,16.20,14.55,12.65,6.50,82.37,11.76,14.36,9.71,7.08,13.13,10.19,16.13,68.63,8.34,2.53,3.60,11.52,6.16,11.90,12.60,11.98,168.20,22.81,21.81,23.88,25.65,18.19,22.73,10.24,22.89,37.44,9.89,2.07,17.13,8.04,0.31,37.13,9.06,12.13,3.63,11.44,0.87,56.99,0.46,12.21,11.37,11.37,12.90,0.08,8.60,76.92,20.22,15.59,20.04,2.39,9.03,9.63}
{1.82,14.96,37.27,0.39,43.31,28.97,0.92,19.17}
{Inf,-61.99,-69.55,-65.96,-66.91,-70.92,-55.68,-68.49,-66.38,-69.10,Inf,-60.02,-57.00,-63.55,-64.10,-58.74,-63.87,-58.89,Inf,-59.24,-63.86,-64.43,-52.74,-62.13,-54.83,-56.13,-55.80,Inf,-60.13,-59.58,-60.88,-54.42,-65.87,-55.44,-63.06,-50.52,Inf,-67.71,-70.78,-61.35,-66.98,-70.50,Inf,-57.46,-54.10,-63.69,-58.30,-65.22,Inf,-71.39,-56.28,-68.59,-48.32,-69.48,-70.42,-60.32,Inf,-63.87,-65.28,-60.88,-67.90,-66.77,-66.97}
{Inf,-85.19,-72.92,-92.78,-96.69,-100.00,-111.88,-115.06;
-91.21,Inf,-89.77,-75.93,-106.03,-90.67,-118.07,-108.87;
-78.94,-89.77,Inf,-88.20,-78.94,-89.77,-96.69,-103.02;
-95.79,-72.92,-85.19,Inf,-95.79,-72.92,-106.03,-93.68;
-96.69,-100.00,-72.92,-92.78,Inf,-85.19,-78.94,-92.78;
-106.03,-90.67,-89.77,-75.93,-91.21,Inf,-95.79,-75.93;
-111.88,-112.05,-90.67,-103.02,-78.94,-89.77,Inf,-88.20;
-118.07,-105.86,-100.00,-93.68,-95.79,-72.92,-91.21,Inf}
 KOMONDOR SIMULATION 'sim_input_nodes_sce2b_deployment_31.csv' (seed 1992)
{165.47,34.94,29.07,32.87,33.25,35.33,77.11,4.22,8.91,3.69,8.83,7.91,9.60,7.76,7.91,8.99,9.29,100.10,21.20,18.26,20.58,19.02,21.04,71.21,7.59,9.44,8.76,10.19,12.98,10.81,11.44,4.22,0.00,1.08,0.23,0.08,0.77,0.08,1.38,0.61,141.34,13.13,12.24,15.05,12.79,13.61,13.27,14.67,14.16,14.90,17.51,186.16,19.43,21.50,23.50,22.73,20.51,18.43,12.13,26.04,21.89,134.25,19.74,7.76,18.97,19.74,21.58,18.97,5.15,3.76,18.59}
{0.00,1.58,52.13,20.02,0.09,0.54,2.24,2.42}
{Inf,-58.34,-60.02,-48.97,-56.12,-52.49,Inf,-64.80,-58.09,-65.75,-54.55,-59.23,-55.22,-61.87,-60.29,-61.69,-49.46,Inf,-54.94,-59.64,-56.69,-61.38,-58.89,Inf,-61.52,-61.21,-64.96,-61.65,-42.99,-60.96,-55.88,Inf,-68.64,-58.98,-69.16,-69.29,-65.08,-66.36,-53.31,-69.69,Inf,-56.99,-59.94,-50.73,-59.99,-61.05,-60.29,-54.58,-63.23,-57.55,-57.89,Inf,-66.45,-56.78,-58.70,-61.48,-66.98,-63.48,-67.12,-58.83,-60.17,Inf,-64.57,-67.75,-55.89,-65.70,-59.30,-67.42,-68.14,-66.65,-66.43}
{Inf,-88.20,-72.92,-89.77,-96.69,-100.00,-108.87,-115.06;
-85.19,Inf,-89.77,-72.92,-106.03,-90.67,-115.06,-108.87;
-72.92,-92.78,Inf,-85.19,-78.94,-89.77,-93.68,-103.02;
-89.77,-75.93,-85.19,Inf,-95.79,-72.92,-103.02,-93.68;
-90.67,-103.02,-72.92,-89.77,Inf,-85.19,-75.93,-92.78;
-100.00,-93.68,-89.77,-72.92,-91.21,Inf,-92.78,-75.93;
-105.86,-115.06,-90.67,-100.00,-78.94,-89.77,Inf,-88.20;
-112.05,-108.87,-100.00,-90.67,-95.79,-72.92,-88.20,Inf}
 KOMONDOR SIMULATION 'sim_input_nodes_sce2b_deployment_32.csv' (seed 1992)
{152.37,15.51,14.21,15.74,13.98,12.06,11.44,17.13,15.82,18.36,18.12,136.01,18.97,13.82,18.66,13.59,22.43,21.58,6.37,20.58,82.18,5.68,11.21,4.38,9.98,10.75,11.14,6.14,11.67,11.21,57.75,6.60,5.53,9.29,14.82,11.67,9.83,49.54,8.45,8.52,10.14,5.15,8.14,9.14,73.80,1.61,7.91,7.83,8.45,6.84,8.22,8.29,9.52,7.99,7.14,93.08,21.04,22.50,21.35,13.06,1.92,13.21,129.72,19.51,19.20,17.89,19.43,18.74,17.82,17.13}
{0.00,1.26,1.10,1.40,0.59,4.68,1.73,4.53}
{Inf,-57.50,-66.29,-64.73,-68.82,-70.93,-65.20,-70.18,-67.43,-68.39,-65.46,Inf,-60.99,-67.03,-63.99,-67.96,-64.73,-51.50,-68.28,-50.88,Inf,-65.43,-52.73,-65.56,-58.87,-61.78,-56.14,-67.73,-50.69,-58.97,Inf,-69.14,-68.13,-69.73,-56.93,-64.76,-66.06,Inf,-67.89,-65.10,-55.24,-66.43,-60.42,-63.04,Inf,-66.47,-56.95,-62.85,-61.47,-62.22,-63.35,-67.79,-59.93,-66.58,-64.69,Inf,-63.64,-67.75,-58.51,-67.04,-68.33,-65.03,Inf,-63.02,-52.51,-67.69,-60.23,-59.82,-54.82,-59.68}
{Inf,-88.20,-75.93,-95.79,-93.68,-103.02,-108.87,-115.06;
-91.21,Inf,-92.78,-78.94,-103.02,-93.68,-115.06,-108.87;
-78.94,-92.78,Inf,-91.21,-75.93,-92.78,-93.68,-103.02;
-95.79,-75.93,-88.20,Inf,-92.78,-75.93,-103.02,-93.68;
-96.69,-103.02,-75.93,-95.79,Inf,-88.20,-75.93,-92.78;
-106.03,-93.68,-92.78,-78.94,-88.20,Inf,-92.78,-75.93;
-111.88,-115.06,-93.68,-106.03,-75.93,-92.78,Inf,-88.20;
-118.07,-108.87,-103.02,-96.69,-92.78,-75.93,-88.20,Inf}
 KOMONDOR SIMULATION 'sim_input_nodes_sce2b_deployment_33.csv' (seed 1992)
{116.89,17.31,8.07,17.44,16.26,21.12,17.65,19.05,345.29,35.56,42.70,42.16,46.00,15.21,43.39,36.02,42.62,41.63,108.45,5.47,4.99,15.05,15.12,17.43,17.89,15.60,16.90,55.20,6.25,10.05,15.25,18.40,5.24,49.24,15.97,8.60,0.31,9.66,14.70,112.90,15.82,19.51,17.97,8.83,17.51,15.13,18.12,61.36,14.21,2.76,14.44,14.90,15.05,120.42,21.96,23.50,21.27,16.74,16.05,20.89}
{0.66,0.00,8.33,1.08,21.95,2.08,3.43,3.40}
{Inf,-63.33,-60.84,-62.22,-64.84,-57.69,-60.05,-53.19,Inf,-67.53,-59.59,-58.18,-57.18,-64.53,-61.48,-71.34,-56.50,-61.40,Inf,-59.43,-64.01,-57.98,-62.66,-58.48,-53.85,-60.07,-51.78,Inf,-65.13,-62.42,-59.91,-59.13,-65.40,Inf,-59.47,-60.57,-66.20,-67.96,-68.16,Inf,-64.51,-55.70,-59.64,-66.74,-67.32,-63.94,-61.60,Inf,-61.22,-67.58,-43.93,-61.42,-46.78,Inf,-61.04,-59.04,-63.74,-65.07,-69.65,-60.89}
{Inf,-91.21,-72.92,-89.77,-93.68,-103.02,-108.87,-118.07;
-85.19,Inf,-89.77,-72.92,-103.02,-93.68,-115.06,-111.88;
-72.92,-95.79,Inf,-85.19,-75.93,-92.78,-93.68,-106.03;
-89.77,-78.94,-85.19,Inf,-92.78,-75.93,-103.02,-96.69;
-90.67,-106.03,-72.92,-89.77,Inf,-88.20,-75.93,-95.79;
-100.00,-96.69,-89.77,-72.92,-88.20,Inf,-92.78,-78.94;
-105.86,-118.07,-90.67,-100.00,-75.93,-92.78,Inf,-91.21;
-112.05,-111.88,-100.00,-90.67,-92.78,-75.93,-88.20,Inf}
 KOMONDOR SIMULATION 'sim_input_nodes_sce2b_deployment_34.csv' (seed 1992)
{94.46,12.29,8.99,12.13,11.52,9.60,10.14,11.90,5.84,12.06,133.86,33.79,35.40,23.73,4.76,36.17,69.66,12.44,16.13,17.36,11.83,11.90,130.10,25.73,31.87,27.57,22.66,22.27,27.03,1.69,5.84,3.30,4.92,3.23,8.06,41.86,7.68,2.92,4.15,10.37,7.68,9.06,64.32,3.21,1.82,10.44,8.41,4.72,7.56,9.98,7.18,10.98,79.26,7.22,13.36,14.44,7.83,10.14,11.52,3.38,11.37}
{2.03,1.33,1.70,0.36,0.00,0.74,39.68,32.09}
{Inf,-59.97,-63.55,-59.16,-65.41,-65.32,-68.13,-56.38,-66.13,-58.94,Inf,-65.75,-67.55,-69.67,-70.26,-59.74,Inf,-63.50,-54.95,-65.87,-67.85,-65.49,Inf,-64.98,-55.86,-62.50,-65.64,-71.32,Inf,-70.28,-64.05,-71.20,-67.10,-68.01,-65.38,Inf,-61.24,-68.07,-65.54,-50.69,-61.65,-62.11,Inf,-63.84,-65.34,-58.71,-62.34,-61.11,-64.34,-54.67,-61.28,-58.44,Inf,-61.52,-66.32,-59.20,-66.56,-66.77,-64.70,-64.47,-59.14}
{Inf,-91.21,-75.93,-95.79,-96.69,-103.02,-105.86,-115.06;
-88.20,Inf,-92.78,-78.94,-106.03,-93.68,-112.05,-108.87;
-75.93,-95.79,Inf,-91.21,-78.94,-92.78,-90.67,-103.02;
-92.78,-78.94,-88.20,Inf,-95.79,-75.93,-100.00,-93.68;
-93.68,-106.03,-75.93,-95.79,Inf,-88.20,-72.92,-92.78;
-103.02,-96.69,-92.78,-78.94,-91.21,Inf,-89.77,-75.93;
-108.87,-118.07,-93.68,-106.03,-78.94,-92.78,Inf,-88.20;
-115.06,-111.88,-103.02,-96.69,-95.79,-75.93,-85.19,Inf}
 KOMONDOR SIMULATION 'sim_input_nodes_sce2b_deployment_35.csv' (seed 1992)
{186.78,35.48,39.94,34.64,37.09,39.63,143.23,37.32,35.56,3.38,32.64,34.33,37.48,5.76,3.69,5.99,0.15,0.08,5.76,4.76,4.38,6.91,23.58,5.07,0.31,1.08,3.92,3.23,4.38,5.61,43.08,9.06,6.98,7.46,1.57,7.80,10.21,112.18,11.35,0.23,11.17,0.86,28.03,19.05,0.27,6.26,15.97,18.97,97.00,1.69,7.99,13.44,13.67,13.67,0.77,15.13,7.37,10.21,13.06,57.54,5.91,0.82,1.37,11.75,6.14,1.64,9.75,1.03,9.75,9.37}
{4.58,1.94,0.99,0.76,27.96,3.29,1.09,17.60}
{Inf,-64.18,-55.84,-55.36,-64.99,-53.36,Inf,-56.23,-66.30,-67.99,-64.41,-61.75,Inf,-43.67,-64.17,-51.83,-67.75,-68.43,-58.54,-67.21,-66.18,-66.35,Inf,-58.01,-70.07,-68.32,-67.07,-69.99,-62.74,-63.64,Inf,-57.88,-60.94,-61.82,-63.74,-59.86,-58.05,Inf,-64.82,-67.30,-64.86,-66.39,-60.57,-52.43,-67.56,-66.51,-59.03,-53.93,Inf,-68.56,-69.60,-63.00,-55.36,-61.25,-70.52,-65.30,-65.08,-64.97,-62.32,Inf,-58.44,-63.70,-61.47,-55.35,-58.99,-61.69,-54.34,-59.98,-56.08,-56.85}
{Inf,-88.20,-75.93,-95.79,-90.67,-103.02,-111.88,-112.05;
-88.20,Inf,-92.78,-78.94,-100.00,-93.68,-118.07,-105.86;
-75.93,-92.78,Inf,-91.21,-72.92,-92.78,-96.69,-100.00;
-92.78,-75.93,-88.20,Inf,-89.77,-75.93,-106.03,-90.67;
-93.68,-103.02,-75.93,-95.79,Inf,-88.20,-78.94,-89.77;
-103.02,-93.68,-92.78,-78.94,-85.19,Inf,-95.79,-72.92;
-108.87,-115.06,-93.68,-106.03,-72.92,-92.78,Inf,-85.19;
-115.06,-108.87,-103.02,-96.69,-89.77,-75.93,-91.21,Inf}
 KOMONDOR SIMULATION 'sim_input_nodes_sce2b_deployment_36.csv' (seed 1992)
{99.63,23.50,18.74,22.50,17.44,17.44,188.08,18.89,24.96,7.60,24.58,18.51,25.11,24.12,22.35,21.96,37.63,7.53,4.30,3.15,4.22,8.45,0.15,2.30,2.30,1.54,3.69,87.76,14.59,14.28,8.60,13.13,4.92,6.77,12.83,0.00,6.02,6.61,43.75,3.83,14.36,2.26,1.85,13.06,8.40,168.81,30.26,36.25,41.70,27.96,0.38,32.26,128.50,17.78,23.50,20.79,19.22,24.42,22.78,82.96,16.14,18.12,10.85,0.06,16.96,20.81}
{26.11,0.12,0.79,27.37,34.64,0.49,1.38,25.10}
{Inf,-47.60,-61.01,-59.55,-63.39,-61.17,Inf,-66.88,-62.75,-66.82,-61.50,-63.79,-60.29,-66.98,-58.33,-60.37,Inf,-58.92,-66.61,-67.25,-65.57,-56.98,-67.73,-70.76,-66.94,-67.50,-65.49,Inf,-45.20,-42.92,-55.95,-54.56,-63.28,-60.08,-51.42,-63.62,-60.32,-65.20,Inf,-62.88,-58.55,-63.45,-62.15,-58.83,-64.78,Inf,-65.02,-57.62,-62.24,-64.05,-69.79,-68.51,Inf,-62.44,-58.32,-61.46,-62.35,-51.97,-59.84,Inf,-62.57,-54.43,-65.19,-64.55,-60.39,-57.60}
{Inf,-88.20,-78.94,-89.77,-90.67,-106.03,-105.86,-112.05;
-85.19,Inf,-95.79,-72.92,-100.00,-96.69,-112.05,-105.86;
-72.92,-92.78,Inf,-85.19,-72.92,-95.79,-90.67,-100.00;
-89.77,-75.93,-91.21,Inf,-89.77,-78.94,-100.00,-90.67;
-90.67,-103.02,-78.94,-89.77,Inf,-91.21,-72.92,-89.77;
-100.00,-93.68,-95.79,-72.92,-85.19,Inf,-89.77,-72.92;
-105.86,-115.06,-96.69,-100.00,-72.92,-95.79,Inf,-85.19;
-112.05,-108.87,-106.03,-90.67,-89.77,-78.94,-85.19,Inf}
 KOMONDOR SIMULATION 'sim_input_nodes_sce2b_deployment_37.csv' (seed 1992)
{130.39,24.49,28.19,28.88,23.80,25.03,75.87,12.18,16.21,15.18,14.09,18.20,61.23,7.07,6.50,7.37,4.24,5.61,6.29,6.37,6.37,5.94,5.46,35.48,3.38,6.45,7.76,4.38,2.00,8.06,3.46,34.83,9.22,3.29,1.06,10.44,5.60,5.21,78.26,9.45,9.60,15.05,12.44,17.97,13.75,100.33,14.52,15.60,18.28,7.05,13.27,14.02,1.09,16.51,125.95,24.42,24.04,26.57,24.35,25.34,0.84,0.38}
{0.18,0.76,12.32,17.31,2.24,0.00,14.63,3.52}
{Inf,-63.21,-58.95,-57.14,-63.02,-62.59,Inf,-64.28,-61.70,-63.40,-62.17,-48.23,Inf,-57.99,-62.38,-58.02,-62.64,-63.59,-60.38,-53.94,-56.73,-64.87,-64.11,Inf,-65.15,-68.29,-57.87,-64.53,-66.17,-61.42,-66.72,Inf,-57.56,-66.20,-67.45,-54.22,-65.58,-63.51,Inf,-68.54,-66.59,-52.61,-69.69,-53.13,-65.25,Inf,-45.36,-63.96,-49.93,-61.71,-60.49,-63.72,-62.47,-43.39,Inf,-61.83,-60.31,-52.75,-68.73,-66.61,-70.82,-71.31}
{Inf,-85.19,-72.92,-92.78,-93.68,-106.03,-105.86,-118.07;
-85.19,Inf,-89.77,-75.93,-103.02,-96.69,-112.05,-111.88;
-72.92,-89.77,Inf,-88.20,-75.93,-95.79,-90.67,-106.03;
-89.77,-72.92,-85.19,Inf,-92.78,-78.94,-100.00,-96.69;
-90.67,-100.00,-72.92,-92.78,Inf,-91.21,-72.92,-95.79;
-100.00,-90.67,-89.77,-75.93,-88.20,Inf,-89.77,-78.94;
-105.86,-112.05,-90.67,-103.02,-75.93,-95.79,Inf,-91.21;
-112.05,-105.86,-100.00,-93.68,-92.78,-78.94,-85.19,Inf}
 KOMONDOR SIMULATION 'sim_input_nodes_sce2b_deployment_38.csv' (seed 1992)
{97.00,16.13,17.51,10.29,7.22,10.75,5.38,18.12,11.60,90.93,17.66,13.29,17.59,22.73,19.66,60.60,7.91,0.31,9.06,3.38,9.83,2.38,9.68,4.92,3.84,9.29,66.78,12.21,15.28,6.11,0.61,6.22,13.75,12.60,47.39,4.99,5.99,2.23,4.53,5.84,3.53,5.22,5.30,4.84,4.92,49.92,14.13,14.59,2.39,7.56,1.80,9.44,136.55,10.68,16.51,11.83,13.21,11.83,16.90,14.13,14.21,12.13,15.13,148.74,8.28,18.66,19.74,20.20,2.22,18.36,10.11,19.43,16.51,15.23}
{0.00,2.55,11.70,19.47,1.04,26.83,2.54,19.31}
{Inf,-62.28,-68.28,-66.22,-69.03,-67.04,-70.70,-65.95,-68.75,Inf,-58.75,-62.83,-57.02,-56.81,-58.53,Inf,-61.91,-66.91,-63.62,-65.26,-54.35,-66.37,-65.77,-64.41,-63.74,-57.91,Inf,-60.51,-59.09,-67.81,-66.93,-65.51,-56.94,-59.50,Inf,-62.10,-61.71,-63.45,-66.98,-52.67,-61.31,-62.35,-65.95,-60.75,-64.13,Inf,-43.62,-52.75,-61.80,-64.95,-64.21,-59.45,Inf,-67.35,-61.53,-60.59,-64.12,-64.58,-66.70,-64.49,-60.56,-66.17,-51.68,Inf,-65.48,-54.14,-55.49,-56.55,-66.40,-60.58,-63.62,-59.67,-59.16,-64.69}
{Inf,-88.20,-75.93,-92.78,-93.68,-100.00,-108.87,-115.06;
-91.21,Inf,-92.78,-75.93,-103.02,-90.67,-115.06,-108.87;
-78.94,-92.78,Inf,-88.20,-75.93,-89.77,-93.68,-103.02;
-95.79,-75.93,-88.20,Inf,-92.78,-72.92,-103.02,-93.68;
-96.69,-103.02,-75.93,-92.78,Inf,-85.19,-75.93,-92.78;
-106.03,-93.68,-92.78,-75.93,-88.20,Inf,-92.78,-75.93;
-111.88,-115.06,-93.68,-103.02,-75.93,-89.77,Inf,-88.20;
-118.07,-108.87,-103.02,-93.68,-92.78,-72.92,-88.20,Inf}
 KOMONDOR SIMULATION 'sim_input_nodes_sce2b_deployment_39.csv' (seed 1992)
{134.40,13.98,6.45,18.20,0.00,19.43,17.51,3.30,17.20,20.04,18.28,211.97,44.62,42.09,22.20,41.55,40.93,20.58,73.80,14.59,17.36,6.07,2.84,2.61,16.20,14.13,123.41,21.58,16.69,19.08,16.07,12.40,16.69,20.89,42.70,2.30,2.00,6.30,4.68,5.61,2.07,5.38,3.69,5.76,4.92,90.38,10.80,1.23,20.51,19.12,17.82,20.12,0.78,124.80,18.36,9.60,18.12,18.59,15.21,17.89,18.82,8.22,123.96,9.37,34.18,37.56,29.18,13.67}
{0.36,3.81,2.39,0.95,0.50,8.14,2.56,-0.00}
{Inf,-63.39,-64.63,-57.94,-69.23,-71.08,-53.54,-70.45,-60.63,-51.88,-53.03,Inf,-59.23,-50.60,-63.80,-60.01,-52.73,-64.70,Inf,-61.66,-54.11,-66.48,-67.55,-67.69,-58.77,-51.95,Inf,-56.32,-63.78,-62.69,-62.50,-65.28,-60.36,-48.52,Inf,-67.41,-67.92,-65.67,-63.16,-65.23,-67.20,-62.67,-66.86,-61.96,-51.98,Inf,-64.36,-61.18,-54.85,-51.11,-55.08,-55.54,-64.80,Inf,-54.35,-64.47,-60.95,-60.98,-64.75,-59.09,-65.19,-66.95,Inf,-64.47,-71.18,-64.99,-65.44,-68.23}
{Inf,-88.20,-75.93,-89.77,-93.68,-100.00,-108.87,-118.07;
-91.21,Inf,-92.78,-72.92,-103.02,-90.67,-115.06,-111.88;
-78.94,-92.78,Inf,-85.19,-75.93,-89.77,-93.68,-106.03;
-95.79,-75.93,-88.20,Inf,-92.78,-72.92,-103.02,-96.69;
-96.69,-103.02,-75.93,-89.77,Inf,-85.19,-75.93,-95.79;
-106.03,-93.68,-92.78,-72.92,-88.20,Inf,-92.78,-78.94;
-111.88,-115.06,-93.68,-100.00,-75.93,-89.77,Inf,-91.21;
-118.07,-108.87,-103.02,-90.67,-92.78,-72.92,-88.20,Inf}
 KOMONDOR SIMULATION 'sim_input_nodes_sce2b_deployment_40.csv' (seed 1992)
{124.65,18.05,29.03,22.20,28.19,27.19,110.75,18.66,22.20,21.81,11.75,19.58,16.74,38.32,11.83,10.29,8.06,0.31,7.83,66.28,4.61,4.53,7.60,7.68,8.91,10.68,9.91,7.99,4.38,59.47,13.59,10.94,12.36,11.56,11.01,39.17,3.61,3.61,4.68,5.53,7.45,8.76,0.46,5.07,110.75,18.74,21.35,20.35,19.12,8.68,22.50,124.42,28.57,17.05,31.03,31.49,16.28}
{1.74,1.34,8.12,2.25,1.48,-0.00,3.80,3.36}
{Inf,-67.59,-53.29,-64.34,-61.67,-67.17,Inf,-60.05,-54.40,-60.61,-67.52,-63.66,-62.44,Inf,-61.03,-62.21,-64.27,-67.57,-62.72,Inf,-68.01,-67.81,-61.46,-66.81,-63.21,-54.47,-59.92,-68.29,-65.67,Inf,-52.36,-63.23,-54.19,-62.72,-63.39,Inf,-67.25,-69.15,-67.53,-67.12,-71.28,-70.53,-70.69,-66.49,Inf,-66.52,-51.23,-60.74,-57.26,-67.58,-57.46,Inf,-60.00,-66.00,-55.97,-65.55,-67.76}
{Inf,-88.20,-75.93,-92.78,-90.67,-106.03,-108.87,-115.06;
-88.20,Inf,-92.78,-75.93,-100.00,-96.69,-115.06,-108.87;
-75.93,-92.78,Inf,-88.20,-72.92,-95.79,-93.68,-103.02;
-92.78,-75.93,-88.20,Inf,-89.77,-78.94,-103.02,-93.68;
-93.68,-103.02,-75.93,-92.78,Inf,-91.21,-75.93,-92.78;
-103.02,-93.68,-92.78,-75.93,-85.19,Inf,-92.78,-75.93;
-108.87,-115.06,-93.68,-103.02,-72.92,-95.79,Inf,-88.20;
-115.06,-108.87,-103.02,-93.68,-89.77,-78.94,-88.20,Inf}
 KOMONDOR SIMULATION 'sim_input_nodes_sce2b_deployment_41.csv' (seed 1992)
{169.11,13.52,30.03,29.03,28.57,21.50,29.03,17.43,107.67,12.29,17.43,19.81,5.07,10.98,0.77,20.35,20.97,137.78,14.02,13.68,17.36,16.42,15.18,16.74,16.01,16.74,11.63,108.67,25.19,14.36,23.73,21.04,24.35,117.43,14.28,13.36,14.28,13.67,16.13,7.76,10.68,13.21,14.05,51.30,8.06,7.76,7.37,4.38,6.99,3.07,6.91,6.76,93.16,15.67,10.29,19.89,7.07,17.66,8.91,13.67,123.96,15.74,17.43,12.75,16.51,12.90,13.82,15.74,6.99,12.06}
{1.56,0.00,0.65,1.90,0.64,0.09,4.26,4.72}
{Inf,-67.53,-59.17,-60.22,-55.63,-64.25,-60.10,-66.69,Inf,-68.01,-67.26,-70.97,-67.97,-65.77,-71.04,-65.01,-68.70,Inf,-62.44,-62.30,-53.11,-61.83,-61.75,-47.46,-60.00,-54.68,-62.03,Inf,-63.69,-65.16,-58.71,-56.74,-57.24,Inf,-66.56,-53.72,-65.34,-60.97,-66.35,-65.62,-64.94,-61.29,-65.24,Inf,-58.67,-60.96,-70.53,-66.83,-68.01,-70.69,-70.85,-61.04,Inf,-60.57,-66.84,-49.87,-71.18,-54.98,-66.86,-63.23,Inf,-65.73,-64.48,-64.55,-55.18,-62.86,-66.24,-60.63,-66.41,-65.25}
{Inf,-91.21,-72.92,-92.78,-93.68,-106.03,-111.88,-115.06;
-88.20,Inf,-89.77,-75.93,-103.02,-96.69,-118.07,-108.87;
-75.93,-95.79,Inf,-88.20,-75.93,-95.79,-96.69,-103.02;
-92.78,-78.94,-85.19,Inf,-92.78,-78.94,-106.03,-93.68;
-93.68,-106.03,-72.92,-92.78,Inf,-91.21,-78.94,-92.78;
-103.02,-96.69,-89.77,-75.93,-88.20,Inf,-95.79,-75.93;
-108.87,-118.07,-90.67,-103.02,-75.93,-95.79,Inf,-88.20;
-115.06,-111.88,-100.00,-93.68,-92.78,-78.94,-91.21,Inf}
 KOMONDOR SIMULATION 'sim_input_nodes_sce2b_deployment_42.csv' (seed 1992)
{149.99,19.58,15.28,20.20,14.13,18.82,19.81,12.98,11.98,4.61,12.60,93.16,14.59,12.75,9.45,6.53,0.38,17.13,16.97,15.36,128.96,14.75,12.04,16.59,6.20,16.13,18.43,14.34,14.82,15.66,34.18,4.30,6.37,1.46,2.23,2.76,6.14,0.31,5.76,4.84,105.98,19.28,23.73,19.35,22.04,21.58,93.62,0.00,9.45,7.99,10.06,9.83,11.06,13.59,7.45,10.98,13.21,109.67,16.97,17.82,19.43,19.35,18.20,17.89,164.81,26.04,29.18,36.94,36.33,36.33}
{0.12,30.09,4.58,1.39,2.64,0.00,4.09,5.78}
{Inf,-55.97,-66.69,-62.38,-67.55,-66.53,-67.37,-62.16,-64.05,-67.79,-68.14,Inf,-60.13,-59.70,-67.57,-66.38,-67.05,-57.17,-54.28,-59.14,Inf,-57.45,-63.93,-44.84,-65.10,-58.89,-54.36,-64.53,-52.64,-61.66,Inf,-68.80,-61.60,-69.25,-70.56,-70.99,-55.96,-70.70,-62.55,-67.05,Inf,-64.39,-57.99,-65.37,-60.36,-62.96,Inf,-71.35,-65.32,-66.12,-61.68,-65.29,-69.58,-50.26,-67.40,-70.68,-70.04,Inf,-64.75,-66.95,-66.16,-51.20,-52.88,-60.83,Inf,-67.58,-70.78,-64.37,-54.45,-61.66}
{Inf,-88.20,-72.92,-95.79,-93.68,-106.03,-108.87,-118.07;
-88.20,Inf,-89.77,-78.94,-103.02,-96.69,-115.06,-111.88;
-75.93,-92.78,Inf,-91.21,-75.93,-95.79,-93.68,-106.03;
-92.78,-75.93,-85.19,Inf,-92.78,-78.94,-103.02,-96.69;
-93.68,-103.02,-72.92,-95.79,Inf,-91.21,-75.93,-95.79;
-103.02,-93.68,-89.77,-78.94,-88.20,Inf,-92.78,-78.94;
-108.87,-115.06,-90.67,-106.03,-75.93,-95.79,Inf,-91.21;
-115.06,-108.87,-100.00,-96.69,-92.78,-78.94,-88.20,Inf}
 KOMONDOR SIMULATION 'sim_input_nodes_sce2b_deployment_43.csv' (seed 1992)
{158.67,33.25,28.11,34.64,4.76,29.57,28.34,153.75,20.89,23.50,24.19,22.50,21.12,16.05,25.42,0.08,59.37,11.21,10.91,0.84,11.21,8.99,6.68,9.52,110.52,15.74,18.43,8.76,13.59,1.54,16.59,19.20,16.67,67.81,7.76,7.68,18.36,16.59,17.43,44.24,6.22,5.30,5.76,1.77,6.30,6.60,6.22,6.07,119.04,3.84,11.14,37.71,27.80,38.55,118.39,14.02,20.43,20.12,22.04,21.73,20.04}
{0.73,-2.39,1.89,0.18,3.53,1.24,2.91,5.71}
{Inf,-59.10,-65.84,-55.37,-71.38,-69.32,-64.42,Inf,-65.24,-57.23,-58.23,-65.02,-69.95,-65.71,-62.08,-71.30,Inf,-63.35,-59.51,-66.29,-53.70,-62.63,-64.78,-68.14,Inf,-70.35,-67.67,-69.65,-65.66,-69.21,-63.30,-69.00,-65.64,Inf,-65.23,-65.38,-51.08,-61.57,-56.96,Inf,-60.02,-64.98,-46.43,-66.85,-56.22,-53.81,-64.85,-66.45,Inf,-69.56,-69.87,-59.10,-68.08,-62.83,Inf,-63.82,-57.03,-58.79,-55.60,-55.78,-53.75}
{Inf,-91.21,-75.93,-95.79,-93.68,-103.02,-111.88,-112.05;
-91.21,Inf,-92.78,-78.94,-103.02,-93.68,-118.07,-105.86;
-78.94,-95.79,Inf,-91.21,-75.93,-92.78,-96.69,-100.00;
-95.79,-78.94,-88.20,Inf,-92.78,-75.93,-106.03,-90.67;
-96.69,-106.03,-75.93,-95.79,Inf,-88.20,-78.94,-89.77;
-106.03,-96.69,-92.78,-78.94,-88.20,Inf,-95.79,-72.92;
-111.88,-118.07,-93.68,-106.03,-75.93,-92.78,Inf,-85.19;
-118.07,-111.88,-103.02,-96.69,-92.78,-75.93,-91.21,Inf}
 KOMONDOR SIMULATION 'sim_input_nodes_sce2b_deployment_44.csv' (seed 1992)
{187.78,21.96,15.90,22.35,4.68,22.27,22.96,11.37,22.58,21.58,22.12,200.52,34.87,15.82,0.00,36.94,22.73,23.50,0.46,22.66,21.12,22.43,149.81,15.51,16.36,12.12,15.44,16.67,16.20,15.51,13.89,15.53,12.59,68.88,13.75,10.81,5.34,13.00,11.29,14.71,59.01,7.05,5.82,9.29,3.00,8.14,7.66,0.21,0.00,9.98,7.87,90.09,8.47,18.97,19.28,18.71,13.98,2.44,8.24,139.37,7.08,12.30,16.51,15.74,19.66,15.44,18.01,12.13,17.55,4.94,85.45,9.92,10.37,10.37,12.75,11.44,9.03,0.27,10.40,10.91}
{0.16,1.09,0.21,16.13,33.28,1.07,0.18,39.50}
{Inf,-67.86,-65.82,-57.63,-68.15,-52.49,-59.32,-67.62,-63.35,-56.54,-57.96,Inf,-64.19,-67.70,-69.44,-61.36,-65.99,-60.18,-71.41,-66.66,-70.98,-65.34,Inf,-53.30,-57.76,-64.49,-48.36,-54.57,-45.63,-58.24,-62.95,-63.87,-59.75,Inf,-62.98,-59.15,-65.08,-61.84,-60.63,-63.28,Inf,-60.07,-64.31,-54.47,-64.22,-57.36,-60.42,-63.88,-63.63,-52.35,-60.06,Inf,-67.26,-54.75,-61.22,-68.06,-60.08,-65.81,-64.67,Inf,-65.72,-65.00,-51.92,-55.91,-58.83,-58.93,-63.30,-60.49,-66.63,-66.07,Inf,-59.91,-58.19,-58.37,-54.07,-52.11,-59.13,-62.68,-60.67,-57.57}
{Inf,-91.21,-72.92,-89.77,-90.67,-103.02,-108.87,-112.05;
-88.20,Inf,-89.77,-72.92,-100.00,-93.68,-115.06,-105.86;
-75.93,-95.79,Inf,-85.19,-72.92,-92.78,-93.68,-100.00;
-92.78,-78.94,-85.19,Inf,-89.77,-75.93,-103.02,-90.67;
-93.68,-106.03,-72.92,-89.77,Inf,-88.20,-75.93,-89.77;
-103.02,-96.69,-89.77,-72.92,-85.19,Inf,-92.78,-72.92;
-108.87,-118.07,-90.67,-100.00,-72.92,-92.78,Inf,-85.19;
-115.06,-111.88,-100.00,-90.67,-89.77,-75.93,-88.20,Inf}
 KOMONDOR SIMULATION 'sim_input_nodes_sce2b_deployment_45.csv' (seed 1992)
{73.96,20.04,19.20,0.61,20.04,14.05,138.55,15.59,18.05,17.43,14.52,16.90,16.90,17.74,4.15,17.28,92.67,16.97,8.82,13.98,17.51,13.52,7.51,14.36,36.17,7.83,1.15,0.15,7.76,4.99,5.38,7.30,1.31,0.31,46.78,4.38,2.26,4.98,8.37,0.68,10.60,15.51,37.94,3.38,9.83,14.05,10.06,0.31,0.31,64.70,16.00,6.72,24.65,14.76,2.57,113.74,13.21,13.90,13.52,14.75,11.83,13.06,15.82,13.52,4.15}
{3.28,0.99,3.75,0.61,7.24,0.90,39.25,4.88}
{Inf,-62.48,-61.85,-68.22,-59.73,-64.19,Inf,-67.59,-65.62,-63.86,-62.84,-66.58,-55.34,-48.72,-67.52,-51.36,Inf,-59.01,-63.77,-61.56,-58.62,-60.21,-63.83,-57.32,Inf,-61.51,-69.30,-70.82,-70.18,-65.38,-71.25,-59.90,-69.08,-70.92,Inf,-65.06,-63.08,-64.27,-57.54,-65.39,-58.62,-54.14,Inf,-66.29,-63.27,-52.41,-61.54,-67.13,-67.23,Inf,-68.11,-65.58,-51.12,-66.74,-67.35,Inf,-58.36,-66.41,-45.48,-62.14,-60.42,-66.19,-58.98,-62.03,-67.33}
{Inf,-88.20,-75.93,-95.79,-90.67,-103.02,-108.87,-115.06;
-88.20,Inf,-92.78,-78.94,-100.00,-93.68,-115.06,-108.87;
-75.93,-92.78,Inf,-91.21,-72.92,-92.78,-93.68,-103.02;
-92.78,-75.93,-88.20,Inf,-89.77,-75.93,-103.02,-93.68;
-93.68,-103.02,-75.93,-95.79,Inf,-88.20,-75.93,-92.78;
-103.02,-93.68,-92.78,-78.94,-85.19,Inf,-92.78,-75.93;
-108.87,-115.06,-93.68,-106.03,-72.92,-92.78,Inf,-88.20;
-115.06,-108.87,-103.02,-96.69,-89.77,-75.93,-88.20,Inf}
 KOMONDOR SIMULATION 'sim_input_nodes_sce2b_deployment_46.csv' (seed 1992)
{112.36,12.67,15.05,18.05,18.12,0.54,17.66,14.52,15.74,71.88,16.90,15.67,4.22,14.21,7.60,13.29,41.70,19.28,0.77,10.37,1.08,10.21,75.86,8.91,7.25,5.27,2.34,9.14,8.76,11.14,8.76,6.70,7.60,89.01,9.91,8.60,13.59,11.37,8.45,5.45,0.15,10.60,9.83,11.06,93.95,0.34,20.43,19.12,20.20,20.73,13.13,134.02,17.89,16.28,12.44,16.90,17.59,13.90,16.90,17.28,4.84,201.52,57.68,19.35,17.36,48.31,58.83}
{2.59,2.03,0.12,8.34,0.61,3.18,2.75,0.53}
{Inf,-63.52,-60.50,-66.91,-55.95,-67.61,-47.62,-63.66,-59.11,Inf,-54.39,-60.84,-66.36,-47.35,-62.85,-66.55,Inf,-60.23,-71.19,-70.19,-70.36,-70.10,Inf,-57.53,-60.92,-59.94,-64.32,-45.97,-54.03,-57.64,-49.25,-60.69,-57.87,Inf,-61.59,-65.97,-53.73,-54.28,-70.93,-66.24,-69.14,-63.79,-70.16,-59.26,Inf,-61.82,-58.40,-56.11,-50.16,-60.89,-63.84,Inf,-57.17,-61.26,-62.96,-60.97,-57.94,-64.31,-63.89,-60.90,-67.51,Inf,-54.27,-62.91,-68.29,-66.11,-56.42}
{Inf,-88.20,-78.94,-89.77,-96.69,-100.00,-108.87,-118.07;
-88.20,Inf,-95.79,-72.92,-106.03,-90.67,-115.06,-111.88;
-75.93,-92.78,Inf,-85.19,-78.94,-89.77,-93.68,-106.03;
-92.78,-75.93,-91.21,Inf,-95.79,-72.92,-103.02,-96.69;
-93.68,-103.02,-78.94,-89.77,Inf,-85.19,-75.93,-95.79;
-103.02,-93.68,-95.79,-72.92,-91.21,Inf,-92.78,-78.94;
-108.87,-115.06,-96.69,-100.00,-78.94,-89.77,Inf,-91.21;
-115.06,-108.87,-106.03,-90.67,-95.79,-72.92,-88.20,Inf}
 KOMONDOR SIMULATION 'sim_input_nodes_sce2b_deployment_47.csv' (seed 1992)
{185.70,28.49,49.15,51.30,4.38,52.38,137.63,13.98,13.82,17.66,16.28,13.67,10.44,11.14,13.44,12.90,14.28,21.60,2.19,3.07,2.05,2.76,2.15,1.85,2.92,2.23,2.38,57.60,5.53,11.83,11.98,1.92,12.44,6.99,2.53,4.38,147.30,31.26,32.79,25.11,24.04,34.10,48.61,5.61,5.45,5.30,5.76,5.30,4.99,6.53,4.07,3.46,2.15,130.63,12.79,14.59,11.70,14.02,12.21,15.13,11.34,13.27,12.52,13.06,129.79,29.80,30.41,15.44,27.88,26.27}
{0.00,1.28,1.79,2.55,10.70,1.50,-0.00,2.37}
{Inf,-70.10,-63.23,-60.58,-71.18,-59.57,Inf,-65.70,-70.52,-59.83,-59.81,-69.97,-67.99,-65.43,-70.06,-68.92,-54.61,Inf,-63.82,-57.97,-62.01,-57.19,-56.42,-60.89,-54.94,-56.62,-51.05,Inf,-67.33,-58.66,-58.41,-68.07,-65.68,-65.62,-68.05,-68.33,Inf,-52.71,-58.93,-64.58,-66.87,-66.53,Inf,-54.38,-67.98,-60.28,-67.70,-63.23,-62.95,-55.29,-63.60,-63.28,-66.58,Inf,-63.20,-58.13,-63.44,-63.03,-57.68,-48.32,-64.33,-63.84,-62.92,-63.40,Inf,-62.94,-65.76,-65.75,-61.09,-61.57}
{Inf,-91.21,-72.92,-92.78,-93.68,-103.02,-105.86,-115.06;
-91.21,Inf,-89.77,-75.93,-103.02,-93.68,-112.05,-108.87;
-78.94,-95.79,Inf,-88.20,-75.93,-92.78,-90.67,-103.02;
-95.79,-78.94,-85.19,Inf,-92.78,-75.93,-100.00,-93.68;
-96.69,-106.03,-72.92,-92.78,Inf,-88.20,-72.92,-92.78;
-106.03,-96.69,-89.77,-75.93,-88.20,Inf,-89.77,-75.93;
-111.88,-118.07,-90.67,-103.02,-75.93,-92.78,Inf,-88.20;
-118.07,-111.88,-100.00,-93.68,-92.78,-75.93,-85.19,Inf}
 KOMONDOR SIMULATION 'sim_input_nodes_sce2b_deployment_48.csv' (seed 1992)
{144.36,25.51,32.26,24.08,33.25,29.26,153.68,30.72,33.64,32.56,32.72,24.04,118.18,6.63,13.36,14.17,13.52,13.13,2.53,14.67,14.68,15.05,10.44,71.81,6.37,8.60,9.98,9.37,8.52,8.68,10.52,9.75,93.89,19.05,10.26,18.81,19.35,26.42,54.14,7.99,14.75,0.38,0.00,15.82,14.98,0.23,148.04,15.82,14.23,14.05,12.52,17.28,16.44,12.31,14.44,15.82,15.13,141.54,19.20,17.89,18.05,17.66,13.90,15.28,10.52,14.36,14.67}
{1.11,2.21,0.56,0.24,12.59,0.00,0.67,2.02}
{Inf,-62.22,-56.80,-59.88,-57.95,-51.29,Inf,-64.16,-61.09,-59.08,-65.90,-64.79,Inf,-65.73,-59.10,-65.08,-56.04,-50.64,-66.37,-58.16,-64.90,-59.59,-60.37,Inf,-66.90,-70.64,-56.34,-63.45,-62.21,-68.31,-63.00,-64.54,Inf,-56.55,-63.75,-62.15,-58.09,-58.45,Inf,-67.42,-62.35,-69.87,-70.18,-64.12,-57.43,-69.56,Inf,-51.37,-59.88,-54.06,-60.99,-57.11,-58.62,-60.69,-58.08,-57.20,-54.54,Inf,-49.62,-54.67,-55.18,-56.18,-55.41,-62.18,-66.99,-67.62,-65.15}
{Inf,-88.20,-75.93,-95.79,-90.67,-106.03,-105.86,-115.06;
-85.19,Inf,-92.78,-78.94,-100.00,-96.69,-112.05,-108.87;
-72.92,-92.78,Inf,-91.21,-72.92,-95.79,-90.67,-103.02;
-89.77,-75.93,-88.20,Inf,-89.77,-78.94,-100.00,-93.68;
-90.67,-103.02,-75.93,-95.79,Inf,-91.21,-72.92,-92.78;
-100.00,-93.68,-92.78,-78.94,-85.19,Inf,-89.77,-75.93;
-105.86,-115.06,-93.68,-106.03,-72.92,-95.79,Inf,-88.20;
-112.05,-108.87,-103.02,-96.69,-89.77,-78.94,-85.19,Inf}
 KOMONDOR SIMULATION 'sim_input_nodes_sce2b_deployment_49.csv' (seed 1992)
{134.02,13.20,14.90,16.74,14.02,13.80,13.61,16.28,16.90,14.57,98.32,15.46,19.81,13.75,14.23,16.44,3.35,15.28,54.30,7.91,8.45,7.68,0.69,4.07,5.91,6.76,5.45,6.91,0.46,105.13,13.91,14.21,3.18,4.41,11.04,13.52,14.59,15.05,15.21,72.34,5.64,7.32,9.68,8.99,9.06,9.06,8.99,7.11,6.50,85.06,6.79,6.43,11.42,10.19,0.21,11.75,7.11,10.81,9.36,10.98,98.90,16.28,18.74,17.43,9.37,10.08,16.83,10.17,166.89,26.19,29.41,37.32,35.64,27.34,10.98}
{0.00,9.30,12.97,0.66,4.41,5.20,25.88,0.12}
{Inf,-63.14,-58.48,-58.26,-62.19,-64.42,-59.42,-58.80,-57.01,-60.21,Inf,-61.92,-54.71,-63.02,-59.43,-55.32,-60.76,-42.67,Inf,-66.60,-58.64,-61.40,-67.44,-67.05,-61.86,-62.54,-62.47,-67.06,-64.93,Inf,-68.17,-54.79,-66.41,-67.56,-66.70,-60.19,-61.94,-58.80,-59.34,Inf,-64.10,-62.09,-58.75,-57.96,-57.68,-58.05,-40.90,-63.21,-61.50,Inf,-65.04,-61.46,-61.47,-63.44,-61.12,-58.56,-63.30,-63.05,-64.63,-55.37,Inf,-62.21,-51.04,-51.05,-63.51,-64.64,-59.46,-65.29,Inf,-67.71,-67.61,-63.02,-62.10,-68.55,-69.77}
{Inf,-85.19,-75.93,-92.78,-90.67,-100.00,-105.86,-118.07;
-85.19,Inf,-92.78,-75.93,-100.00,-90.67,-112.05,-111.88;
-72.92,-89.77,Inf,-88.20,-72.92,-89.77,-90.67,-106.03;
-89.77,-72.92,-88.20,Inf,-89.77,-72.92,-100.00,-96.69;
-90.67,-100.00,-75.93,-92.78,Inf,-85.19,-72.92,-95.79;
-100.00,-90.67,-92.78,-75.93,-85.19,Inf,-89.77,-78.94;
-105.86,-112.05,-93.68,-103.02,-72.92,-89.77,Inf,-91.21;
-112.05,-105.86,-103.02,-93.68,-89.77,-72.92,-85.19,Inf}
