 KOMONDOR SIMULATION 'sim_input_nodes_sce2a_deployment_00.csv' (seed 1992)
{162.74,5.15,3.92,22.50,19.20,5.38,37.63,35.56,33.41,170.37,27.84,26.62,26.42,17.71,24.81,19.95,25.57,1.45,127.72,39.32,37.48,31.95,6.76,5.61,6.60,106.62,11.56,11.76,7.62,14.28,12.44,11.56,0.68,10.91,12.90,12.90,136.09,22.27,10.52,11.52,32.33,2.30,33.64,14.52,8.99,76.42,16.97,16.13,13.89,12.54,16.90,230.25,32.03,19.12,32.49,29.57,30.49,38.55,36.71,11.29,73.35,7.93,8.99,7.91,7.32,6.42,10.14,8.60,9.68,6.36}
{2.17,0.21,11.12,27.55,1.63,1.66,1.71,2.67}
{Inf,-69.94,-70.01,-69.79,-69.52,-71.33,-50.04,-60.94,-63.81,Inf,-63.73,-66.23,-55.43,-62.97,-58.58,-63.87,-58.37,-66.60,Inf,-57.61,-62.70,-61.60,-65.98,-70.31,-69.30,Inf,-59.86,-62.77,-65.06,-58.35,-50.58,-61.90,-63.80,-55.80,-54.94,-51.07,Inf,-68.50,-70.13,-70.59,-53.64,-71.42,-59.65,-68.65,-66.73,Inf,-54.83,-52.53,-59.55,-64.28,-56.03,Inf,-58.03,-66.77,-68.56,-65.70,-71.32,-57.67,-60.62,-70.78,Inf,-60.80,-52.43,-56.84,-62.43,-64.61,-56.70,-57.51,-56.03,-61.71}
{Inf,-93.68,-85.36,-96.98,-106.97,-110.65,-126.00,-126.44;
-96.69,Inf,-103.00,-79.34,-116.67,-100.95,-132.46,-119.98;
-85.36,-99.99,Inf,-90.67,-85.36,-96.98,-106.97,-110.65;
-103.00,-82.35,-96.69,Inf,-103.00,-79.34,-116.67,-100.95;
-106.97,-113.66,-85.36,-96.98,Inf,-90.67,-85.36,-96.98;
-116.67,-103.96,-103.00,-79.34,-96.69,Inf,-103.00,-79.34;
-126.00,-129.45,-106.97,-110.65,-85.36,-96.98,Inf,-90.67;
-132.46,-122.99,-116.67,-100.95,-103.00,-79.34,-96.69,Inf}
 KOMONDOR SIMULATION 'sim_input_nodes_sce2a_deployment_01.csv' (seed 1992)
{145.15,15.59,11.14,12.29,15.13,15.82,11.90,18.36,11.14,16.51,17.28,126.36,16.82,14.30,12.90,14.71,10.67,14.02,14.59,14.23,14.13,47.77,3.69,11.83,1.31,5.84,9.06,3.69,9.52,2.84,148.16,29.88,30.18,33.33,26.20,28.57,232.40,29.18,37.17,36.94,34.10,34.41,33.64,26.96,15.51,0.00,9.52,0.00,5.91,0.08,160.44,45.47,47.08,4.30,44.31,14.67,4.61,295.30,27.03,29.64,29.72,29.03,28.95,28.95,28.34,31.49,32.03,30.11}
{10.19,0.00,0.76,15.07,0.61,0.41,0.00,0.35}
{Inf,-63.42,-59.65,-61.74,-65.27,-63.27,-65.60,-65.69,-66.98,-48.77,-59.31,Inf,-48.83,-63.81,-64.56,-62.94,-65.03,-62.96,-58.76,-60.83,-57.39,Inf,-70.96,-57.97,-69.40,-67.20,-62.00,-69.45,-63.89,-68.72,Inf,-49.76,-50.95,-57.29,-60.04,-52.55,Inf,-67.62,-59.10,-68.52,-66.38,-65.54,-66.29,-67.24,Inf,-71.12,-64.80,-70.21,-64.48,-66.16,Inf,-63.61,-64.38,-71.42,-66.65,-70.35,-69.19,Inf,-61.24,-70.81,-70.83,-66.89,-55.60,-68.01,-62.78,-65.55,-65.56,-61.67}
{Inf,-90.67,-85.36,-96.98,-106.97,-116.67,-126.00,-132.46;
-93.68,Inf,-103.00,-79.34,-116.67,-106.97,-132.46,-126.00;
-82.35,-96.98,Inf,-90.67,-85.36,-103.00,-106.97,-116.67;
-99.99,-79.34,-96.69,Inf,-103.00,-85.36,-116.67,-106.97;
-103.96,-110.65,-85.36,-96.98,Inf,-96.69,-85.36,-103.00;
-113.66,-100.95,-103.00,-79.34,-96.69,Inf,-103.00,-85.36;
-122.99,-126.44,-106.97,-110.65,-85.36,-103.00,Inf,-96.69;
-129.45,-119.98,-116.67,-100.95,-103.00,-85.36,-96.69,Inf}
 KOMONDOR SIMULATION 'sim_input_nodes_sce2a_deployment_02.csv' (seed 1992)
{95.48,2.64,19.08,16.62,12.52,13.44,10.67,20.51,109.67,9.37,32.33,33.18,31.41,3.38,150.84,37.02,33.64,1.61,36.17,1.84,40.55,117.58,2.00,0.61,22.66,19.81,0.92,26.50,24.88,1.31,17.82,1.08,68.66,2.23,17.89,7.99,5.76,3.15,31.64,51.60,2.53,0.07,0.36,16.44,17.43,14.77,123.11,9.37,20.12,8.06,22.35,20.58,23.19,19.43,307.81,64.82,66.82,45.31,68.28,62.59}
{1.01,36.78,1.58,0.32,0.37,62.85,18.89,0.00}
{Inf,-64.05,-62.17,-61.23,-60.60,-57.70,-65.41,-51.86,Inf,-61.21,-59.39,-60.80,-56.06,-66.12,Inf,-64.97,-66.43,-70.55,-62.95,-65.53,-63.17,Inf,-70.93,-70.04,-64.72,-63.78,-67.84,-63.44,-55.62,-66.28,-65.80,-64.68,Inf,-68.46,-67.97,-68.17,-69.06,-70.03,-57.88,Inf,-61.72,-63.00,-64.97,-54.23,-53.17,-59.90,Inf,-65.95,-62.37,-67.03,-66.40,-62.86,-59.48,-63.95,Inf,-63.15,-65.97,-66.70,-64.44,-65.30}
{Inf,-93.68,-85.36,-103.00,-106.97,-110.65,-122.99,-132.46;
-90.67,Inf,-103.00,-85.36,-116.67,-100.95,-129.45,-126.00;
-79.34,-99.99,Inf,-96.69,-85.36,-96.98,-103.96,-116.67;
-96.98,-82.35,-96.69,Inf,-103.00,-79.34,-113.66,-106.97;
-100.95,-113.66,-85.36,-103.00,Inf,-90.67,-82.35,-103.00;
-110.65,-103.96,-103.00,-85.36,-96.69,Inf,-99.99,-85.36;
-119.98,-129.45,-106.97,-116.67,-85.36,-96.98,Inf,-96.69;
-126.44,-122.99,-116.67,-106.97,-103.00,-79.34,-93.68,Inf}
 KOMONDOR SIMULATION 'sim_input_nodes_sce2a_deployment_03.csv' (seed 1992)
{62.82,9.60,6.68,8.22,5.30,8.37,3.07,4.07,8.99,2.46,6.07,114.05,3.78,16.51,14.82,10.98,14.59,5.13,16.44,16.13,15.67,83.92,7.25,11.01,8.45,9.52,8.14,10.06,11.52,8.82,9.14,116.28,19.51,0.00,18.20,17.28,20.04,21.66,4.22,15.36,33.95,2.07,6.53,4.45,0.77,4.15,4.61,1.23,6.07,3.23,0.84,67.20,11.06,7.45,2.61,9.22,6.84,2.53,6.07,5.68,10.75,4.99,178.56,30.95,31.10,32.56,33.56,17.66,32.72,222.11,9.14,26.80,7.45,25.04,30.34,29.49,10.60,23.27,28.72,31.26}
{0.36,14.09,18.54,20.85,8.72,58.58,4.59,0.49}
{Inf,-47.62,-66.72,-60.59,-63.03,-67.48,-66.69,-66.24,-57.82,-67.18,-66.77,Inf,-65.33,-56.51,-57.20,-64.91,-56.90,-63.87,-57.97,-58.96,-58.95,Inf,-59.44,-60.89,-48.94,-56.73,-59.51,-58.80,-51.07,-63.17,-53.90,Inf,-61.66,-71.44,-60.46,-64.39,-65.02,-52.61,-64.27,-64.01,Inf,-66.84,-62.54,-63.26,-68.79,-63.52,-58.18,-71.07,-54.82,-61.34,-67.59,Inf,-63.05,-65.89,-62.55,-61.45,-59.09,-63.20,-59.30,-63.15,-51.22,-68.06,Inf,-49.61,-66.12,-67.20,-60.50,-68.13,-58.04,Inf,-69.66,-50.97,-70.43,-69.55,-61.37,-64.29,-70.32,-69.16,-67.29,-54.06}
{Inf,-90.67,-79.34,-103.00,-106.97,-113.66,-122.99,-132.46;
-93.68,Inf,-96.98,-85.36,-116.67,-103.96,-129.45,-126.00;
-82.35,-96.98,Inf,-96.69,-85.36,-99.99,-103.96,-116.67;
-99.99,-79.34,-90.67,Inf,-103.00,-82.35,-113.66,-106.97;
-103.96,-110.65,-79.34,-103.00,Inf,-93.68,-82.35,-103.00;
-113.66,-100.95,-96.98,-85.36,-96.69,Inf,-99.99,-85.36;
-122.99,-126.44,-100.95,-116.67,-85.36,-99.99,Inf,-96.69;
-129.45,-119.98,-110.65,-106.97,-103.00,-82.35,-93.68,Inf}
 KOMONDOR SIMULATION 'sim_input_nodes_sce2a_deployment_04.csv' (seed 1992)
{186.32,17.97,18.74,18.20,19.12,18.97,21.04,19.28,16.90,18.20,17.89,87.97,17.59,7.87,11.90,12.59,13.95,15.25,8.82,22.43,4.68,5.76,4.15,0.00,1.77,0.08,2.07,1.69,0.08,2.15,15.31,0.84,0.54,6.22,0.84,0.37,2.84,1.50,2.15,86.63,13.13,12.59,8.62,8.14,10.98,12.79,13.47,6.91,73.50,1.44,9.58,1.32,2.74,10.74,9.92,6.02,10.33,11.60,9.83,129.82,25.17,22.74,27.88,25.31,28.72,188.38,33.41,34.41,29.48,33.95,31.38,25.76}
{5.32,18.56,4.73,8.98,13.83,25.52,-0.00,-0.00}
{Inf,-57.57,-67.68,-68.05,-67.43,-51.19,-64.30,-59.05,-62.37,-66.36,-59.14,Inf,-56.41,-62.05,-61.24,-61.94,-61.89,-59.09,-59.62,Inf,-59.57,-61.91,-68.57,-70.33,-67.66,-68.82,-68.40,-69.21,-68.14,-68.53,Inf,-70.30,-70.49,-59.93,-70.07,-70.58,-68.21,-71.10,-68.25,Inf,-61.15,-60.21,-62.46,-63.89,-64.67,-62.00,-62.34,-63.93,Inf,-63.15,-59.38,-64.37,-62.61,-63.49,-61.17,-61.95,-60.14,-57.22,-48.11,Inf,-61.28,-64.80,-58.15,-62.18,-57.38,Inf,-60.81,-61.22,-64.12,-52.37,-63.29,-67.08}
{Inf,-90.67,-85.36,-103.00,-100.95,-110.65,-119.98,-129.45;
-93.68,Inf,-103.00,-85.36,-110.65,-100.95,-126.44,-122.99;
-82.35,-96.98,Inf,-96.69,-79.34,-96.98,-100.95,-113.66;
-99.99,-79.34,-96.69,Inf,-96.98,-79.34,-110.65,-103.96;
-103.96,-110.65,-85.36,-103.00,Inf,-90.67,-79.34,-99.99;
-113.66,-100.95,-103.00,-85.36,-90.67,Inf,-96.98,-82.35;
-122.99,-126.44,-106.97,-116.67,-79.34,-96.98,Inf,-93.68;
-129.45,-119.98,-116.67,-106.97,-96.98,-79.34,-90.67,Inf}
 KOMONDOR SIMULATION 'sim_input_nodes_sce2a_deployment_05.csv' (seed 1992)
{106.14,24.01,13.75,25.99,12.90,29.49,284.39,37.56,30.87,28.57,34.10,25.42,33.56,31.10,37.09,26.11,190.54,40.09,35.33,37.25,37.86,40.01,18.74,2.46,0.61,3.07,8.60,2.30,0.23,1.46,12.36,2.15,0.46,2.23,0.61,2.53,0.46,1.84,2.07,113.05,14.71,18.05,15.53,19.05,21.58,9.78,14.36,191.69,33.79,34.41,25.04,34.48,30.64,33.33,114.15,11.88,17.03,13.61,13.32,13.13,14.50,16.76,13.92}
{2.57,11.17,1.26,5.69,4.39,14.34,2.73,0.00}
{Inf,-60.59,-62.80,-61.78,-64.08,-47.68,Inf,-61.44,-62.73,-64.13,-61.38,-64.81,-68.87,-60.30,-66.71,-69.22,Inf,-63.40,-67.84,-60.22,-64.18,-64.22,Inf,-66.82,-67.03,-64.48,-55.93,-67.65,-67.28,-67.15,Inf,-52.23,-67.70,-52.35,-66.11,-48.12,-66.54,-65.16,-58.46,Inf,-60.95,-56.37,-62.65,-57.01,-57.94,-59.64,-62.78,Inf,-62.78,-62.25,-66.25,-62.87,-62.54,-64.86,Inf,-64.85,-59.53,-63.30,-64.23,-60.22,-62.50,-59.65,-64.84}
{Inf,-96.69,-82.35,-99.99,-103.96,-110.65,-122.99,-126.44;
-90.67,Inf,-99.99,-82.35,-113.66,-100.95,-129.45,-119.98;
-79.34,-103.00,Inf,-93.68,-82.35,-96.98,-103.96,-110.65;
-96.98,-85.36,-93.68,Inf,-99.99,-79.34,-113.66,-100.95;
-100.95,-116.67,-82.35,-99.99,Inf,-90.67,-82.35,-96.98;
-110.65,-106.97,-99.99,-82.35,-93.68,Inf,-99.99,-79.34;
-119.98,-132.46,-103.96,-113.66,-82.35,-96.98,Inf,-90.67;
-126.44,-126.00,-113.66,-103.96,-99.99,-79.34,-93.68,Inf}
 KOMONDOR SIMULATION 'sim_input_nodes_sce2a_deployment_06.csv' (seed 1992)
{272.79,27.65,27.11,31.64,27.65,31.03,18.74,24.12,27.80,28.65,28.42,138.58,27.29,25.24,29.41,33.18,23.46,36.71,0.69,1.92,5.84,5.53,9.68,6.14,6.91,125.23,12.00,19.51,15.54,16.28,10.94,18.82,20.51,11.64,85.04,13.61,16.82,13.75,11.90,14.82,14.13,48.74,3.29,10.37,0.00,31.87,3.21,64.67,6.99,8.83,9.45,3.92,6.91,10.60,7.14,10.83,119.58,16.82,20.43,14.36,15.13,10.06,20.74,22.04}
{6.32,0.82,16.43,12.71,23.64,0.22,2.31,31.00}
{Inf,-64.85,-64.16,-62.30,-66.51,-63.71,-63.67,-66.71,-68.95,-65.69,-57.14,Inf,-62.69,-63.60,-44.96,-54.56,-64.51,Inf,-63.69,-66.06,-59.11,-67.37,-64.48,-65.13,-64.64,Inf,-64.64,-49.07,-64.17,-52.18,-61.08,-53.38,-49.11,-64.98,Inf,-63.17,-55.02,-51.07,-58.07,-41.24,-57.12,Inf,-67.17,-62.17,-71.12,-65.69,-67.94,Inf,-67.59,-64.55,-60.21,-66.54,-63.83,-67.85,-64.44,-62.47,Inf,-68.40,-57.95,-62.23,-67.69,-62.81,-67.16,-65.79}
{Inf,-90.67,-82.35,-96.98,-100.95,-116.67,-122.99,-129.45;
-96.69,Inf,-99.99,-79.34,-110.65,-106.97,-129.45,-122.99;
-85.36,-96.98,Inf,-90.67,-79.34,-103.00,-103.96,-113.66;
-103.00,-79.34,-93.68,Inf,-96.98,-85.36,-113.66,-103.96;
-106.97,-110.65,-82.35,-96.98,Inf,-96.69,-82.35,-99.99;
-116.67,-100.95,-99.99,-79.34,-90.67,Inf,-99.99,-82.35;
-126.00,-126.44,-103.96,-110.65,-79.34,-103.00,Inf,-93.68;
-132.46,-119.98,-113.66,-100.95,-96.98,-85.36,-93.68,Inf}
 KOMONDOR SIMULATION 'sim_input_nodes_sce2a_deployment_07.csv' (seed 1992)
{116.16,19.49,22.58,10.53,23.50,16.86,23.19,191.23,41.16,32.33,41.01,39.94,36.79,82.52,24.12,0.66,8.45,23.04,26.26,15.51,0.15,2.84,2.07,1.84,4.68,0.08,3.38,0.15,0.15,0.15,30.26,0.00,9.98,2.15,2.69,0.31,8.99,5.84,0.31,108.40,9.12,13.44,10.94,11.29,12.13,11.15,6.90,13.52,11.22,8.69,97.44,14.75,7.87,6.70,11.35,9.78,12.13,14.16,7.18,13.52,128.01,13.92,17.03,15.54,9.80,16.90,18.05,20.97,15.80}
{19.12,15.11,-0.00,17.26,7.16,14.16,13.15,0.00}
{Inf,-59.87,-58.29,-65.21,-57.98,-64.67,-44.52,Inf,-50.22,-65.88,-61.56,-59.18,-62.51,Inf,-63.50,-70.49,-69.12,-68.21,-67.28,Inf,-64.08,-61.80,-67.62,-67.25,-63.40,-66.94,-62.07,-69.48,-70.46,-71.35,Inf,-71.11,-66.96,-70.62,-68.18,-71.19,-59.38,-63.89,-66.44,Inf,-64.47,-50.87,-62.72,-54.30,-48.17,-61.66,-64.03,-58.52,-60.09,-63.56,Inf,-57.62,-61.46,-65.07,-59.24,-64.76,-55.81,-62.06,-62.01,-55.66,Inf,-64.21,-60.41,-64.80,-65.38,-56.38,-57.87,-52.68,-60.99}
{Inf,-93.68,-85.36,-103.00,-106.97,-110.65,-119.98,-126.44;
-90.67,Inf,-103.00,-85.36,-116.67,-100.95,-126.44,-119.98;
-79.34,-99.99,Inf,-96.69,-85.36,-96.98,-100.95,-110.65;
-96.98,-82.35,-96.69,Inf,-103.00,-79.34,-110.65,-100.95;
-100.95,-113.66,-85.36,-103.00,Inf,-90.67,-79.34,-96.98;
-110.65,-103.96,-103.00,-85.36,-96.69,Inf,-96.98,-79.34;
-119.98,-129.45,-106.97,-116.67,-85.36,-96.98,Inf,-90.67;
-126.44,-122.99,-116.67,-106.97,-103.00,-79.34,-90.67,Inf}
 KOMONDOR SIMULATION 'sim_input_nodes_sce2a_deployment_08.csv' (seed 1992)
{100.15,30.34,31.18,11.90,19.51,7.22,201.75,47.46,31.33,20.28,40.63,62.05,46.00,4.45,13.52,2.15,10.83,6.45,8.60,26.02,11.42,9.71,4.61,0.27,0.00,96.08,5.30,11.98,12.13,10.14,11.29,12.98,11.37,5.99,14.90,75.78,8.28,10.91,8.76,9.68,10.29,10.68,8.14,9.06,177.33,29.88,36.40,32.56,38.17,40.32,138.05,26.40,30.41,25.03,27.63,28.57}
{17.56,0.00,19.78,17.25,24.09,2.91,0.31,0.32}
{Inf,-60.03,-56.97,-65.54,-61.49,-67.09,Inf,-66.02,-64.55,-70.27,-67.31,-57.23,Inf,-64.05,-60.24,-67.57,-66.49,-67.43,-67.68,Inf,-62.29,-63.88,-58.92,-63.31,-65.31,Inf,-68.27,-54.65,-54.25,-61.68,-55.78,-42.77,-67.21,-67.66,-55.85,Inf,-63.29,-55.90,-55.08,-48.34,-54.66,-51.71,-63.09,-54.03,Inf,-50.30,-66.86,-68.16,-65.97,-64.19,Inf,-60.71,-57.43,-61.38,-62.89,-48.13}
{Inf,-96.69,-82.35,-96.98,-103.96,-110.65,-122.99,-126.44;
-93.68,Inf,-99.99,-79.34,-113.66,-100.95,-129.45,-119.98;
-82.35,-103.00,Inf,-90.67,-82.35,-96.98,-103.96,-110.65;
-99.99,-85.36,-93.68,Inf,-99.99,-79.34,-113.66,-100.95;
-103.96,-116.67,-82.35,-96.98,Inf,-90.67,-82.35,-96.98;
-113.66,-106.97,-99.99,-79.34,-93.68,Inf,-99.99,-79.34;
-122.99,-132.46,-103.96,-110.65,-82.35,-96.98,Inf,-90.67;
-129.45,-126.00,-113.66,-100.95,-99.99,-79.34,-93.68,Inf}
 KOMONDOR SIMULATION 'sim_input_nodes_sce2a_deployment_09.csv' (seed 1992)
{141.31,27.19,18.05,24.42,18.43,11.06,7.76,34.41,196.92,34.02,41.09,41.01,39.17,41.63,62.67,1.92,6.22,10.60,10.98,6.60,9.60,2.23,5.91,8.60,84.33,15.97,13.98,2.15,2.61,15.44,15.90,16.05,2.23,59.67,10.83,1.92,5.38,3.46,12.60,12.52,3.99,3.30,5.68,76.42,17.59,0.46,2.46,2.53,7.14,14.75,20.97,10.52,343.99,50.46,55.30,23.81,49.92,57.68,54.07,52.76,206.82,33.02,40.78,46.92,42.55,40.47,3.07}
{0.12,3.43,31.85,13.18,16.92,0.12,5.45,0.36}
{Inf,-58.34,-70.23,-71.08,-70.56,-70.23,-69.22,-63.97,Inf,-64.84,-63.90,-61.32,-59.97,-63.21,Inf,-64.62,-66.68,-57.72,-56.69,-61.64,-60.19,-67.61,-67.13,-68.33,Inf,-62.96,-64.74,-68.13,-65.31,-53.72,-66.06,-49.18,-68.35,Inf,-58.87,-67.28,-63.59,-67.67,-66.03,-59.03,-67.10,-64.89,-61.20,Inf,-62.95,-71.43,-69.15,-68.75,-68.75,-68.62,-61.48,-71.06,Inf,-55.61,-62.38,-68.27,-63.41,-58.98,-53.16,-60.77,Inf,-60.13,-61.65,-70.02,-70.53,-65.59,-71.43}
{Inf,-93.68,-82.35,-99.99,-103.96,-116.67,-126.00,-132.46;
-96.69,Inf,-99.99,-82.35,-113.66,-106.97,-132.46,-126.00;
-85.36,-99.99,Inf,-93.68,-82.35,-103.00,-106.97,-116.67;
-103.00,-82.35,-93.68,Inf,-99.99,-85.36,-116.67,-106.97;
-106.97,-113.66,-82.35,-99.99,Inf,-96.69,-85.36,-103.00;
-116.67,-103.96,-99.99,-82.35,-93.68,Inf,-103.00,-85.36;
-126.00,-129.45,-103.96,-113.66,-82.35,-103.00,Inf,-96.69;
-132.46,-122.99,-113.66,-103.96,-99.99,-85.36,-96.69,Inf}
 KOMONDOR SIMULATION 'sim_input_nodes_sce2a_deployment_10.csv' (seed 1992)
{50.69,13.82,3.84,4.30,9.60,12.21,6.91,119.65,17.89,9.06,17.89,10.83,17.51,7.91,19.97,18.59,85.64,21.20,20.43,16.44,16.35,11.22,72.88,9.30,8.14,11.37,9.78,8.22,9.52,9.44,7.11,132.28,20.93,21.61,21.89,20.86,26.88,20.11,53.45,10.14,13.13,0.92,1.08,10.21,9.06,8.91,222.41,26.96,24.42,24.96,22.73,25.42,24.50,23.65,27.80,21.96,293.91,41.24,51.99,52.38,50.76,46.85,50.69}
{1.21,-5.60,20.97,13.86,0.00,2.28,0.60,0.14}
{Inf,-51.63,-65.62,-66.01,-67.31,-68.32,-61.97,Inf,-64.58,-69.27,-69.38,-69.60,-62.17,-69.62,-61.93,-65.44,Inf,-61.42,-58.18,-64.15,-61.68,-60.77,Inf,-63.21,-58.18,-54.35,-61.98,-55.47,-48.04,-63.69,-60.47,Inf,-63.30,-59.65,-56.80,-61.21,-57.45,-61.84,Inf,-67.53,-58.36,-66.93,-65.82,-58.24,-66.41,-65.37,Inf,-66.66,-62.94,-64.49,-67.95,-54.40,-60.38,-60.24,-54.38,-64.80,Inf,-64.38,-65.19,-62.35,-65.51,-70.50,-60.81}
{Inf,-96.69,-79.34,-96.98,-100.95,-113.66,-122.99,-132.46;
-96.69,Inf,-96.98,-79.34,-110.65,-103.96,-129.45,-126.00;
-85.36,-103.00,Inf,-90.67,-79.34,-99.99,-103.96,-116.67;
-103.00,-85.36,-90.67,Inf,-96.98,-82.35,-113.66,-106.97;
-106.97,-116.67,-79.34,-96.98,Inf,-93.68,-82.35,-103.00;
-116.67,-106.97,-96.98,-79.34,-90.67,Inf,-99.99,-85.36;
-126.00,-132.46,-100.95,-110.65,-79.34,-99.99,Inf,-96.69;
-132.46,-126.00,-110.65,-100.95,-96.98,-82.35,-93.68,Inf}
 KOMONDOR SIMULATION 'sim_input_nodes_sce2a_deployment_11.csv' (seed 1992)
{107.24,11.22,23.88,14.23,13.68,19.50,24.73,116.81,20.43,11.14,0.00,15.44,26.04,26.80,0.46,15.97,0.54,106.06,17.66,6.37,17.74,13.21,11.52,5.84,3.69,17.97,12.06,41.51,1.98,3.49,0.48,7.39,4.51,4.45,9.52,3.28,2.64,3.76,178.56,28.88,50.07,40.63,23.35,35.64,13.13,2.00,5.68,1.23,1.77,0.77,1.69,206.05,26.50,17.97,13.21,38.94,15.82,18.66,34.87,40.09,53.57,9.30,5.95,0.62,7.45,0.30,5.91,9.83,14.21}
{0.15,-39.44,12.30,56.17,0.82,0.00,7.91,46.57}
{Inf,-64.01,-52.07,-63.01,-61.97,-64.32,-55.60,Inf,-67.35,-70.56,-71.21,-68.29,-70.30,-62.54,-69.43,-68.82,-69.08,Inf,-65.68,-63.50,-64.19,-58.71,-65.08,-67.49,-68.04,-64.87,-66.17,Inf,-63.70,-59.50,-59.07,-59.74,-61.45,-61.82,-51.19,-60.49,-64.13,-62.90,Inf,-58.13,-50.86,-58.56,-65.04,-63.82,Inf,-67.34,-69.73,-65.27,-69.22,-69.70,-70.14,Inf,-69.10,-69.01,-70.23,-61.22,-68.96,-69.19,-52.32,-56.35,Inf,-63.83,-60.71,-60.78,-58.44,-64.66,-57.90,-57.90,-54.99}
{Inf,-96.69,-82.35,-96.98,-106.97,-116.67,-126.00,-126.44;
-90.67,Inf,-99.99,-79.34,-116.67,-106.97,-132.46,-119.98;
-79.34,-103.00,Inf,-90.67,-85.36,-103.00,-106.97,-110.65;
-96.98,-85.36,-93.68,Inf,-103.00,-85.36,-116.67,-100.95;
-100.95,-116.67,-82.35,-96.98,Inf,-96.69,-85.36,-96.98;
-110.65,-106.97,-99.99,-79.34,-96.69,Inf,-103.00,-79.34;
-119.98,-132.46,-103.96,-110.65,-85.36,-103.00,Inf,-90.67;
-126.44,-126.00,-113.66,-100.95,-103.00,-85.36,-96.69,Inf}
 KOMONDOR SIMULATION 'sim_input_nodes_sce2a_deployment_12.csv' (seed 1992)
{168.65,16.97,11.14,11.90,19.43,19.89,19.51,14.44,19.89,14.67,20.81,246.22,27.57,34.41,35.94,21.35,35.33,30.18,35.25,26.19,80.56,2.84,13.52,9.83,8.99,13.67,3.46,5.68,9.68,12.90,24.58,7.68,2.46,2.92,0.54,5.15,0.23,3.46,2.15,139.01,13.75,30.26,27.26,29.49,23.58,14.67,101.44,13.13,8.34,7.87,10.20,6.89,11.14,13.44,11.29,10.80,8.34,142.57,17.59,15.97,18.12,14.30,17.66,15.46,14.75,16.48,12.24,116.62,13.90,13.34,13.20,11.76,13.27,8.39,13.44,12.31,9.12,7.89}
{8.07,8.09,10.35,21.23,4.85,17.31,-0.00,-0.00}
{Inf,-61.49,-68.41,-61.24,-49.21,-62.99,-64.41,-60.79,-61.65,-58.86,-62.11,Inf,-71.09,-69.54,-56.17,-69.64,-68.29,-63.84,-54.01,-65.62,Inf,-69.84,-52.09,-63.24,-66.22,-54.86,-70.19,-62.10,-62.87,-57.79,Inf,-57.84,-61.61,-64.88,-66.20,-58.62,-64.54,-63.24,-65.27,Inf,-65.77,-53.04,-65.29,-63.92,-67.66,-66.45,Inf,-56.27,-65.29,-63.17,-64.81,-65.05,-51.55,-54.75,-54.69,-64.30,-61.01,Inf,-53.49,-58.07,-58.96,-63.10,-52.23,-63.85,-59.00,-63.92,-64.53,Inf,-44.24,-63.14,-63.96,-64.90,-63.48,-65.28,-48.48,-63.48,-65.36,-65.21}
{Inf,-96.69,-85.36,-99.99,-103.96,-110.65,-119.98,-126.44;
-93.68,Inf,-103.00,-82.35,-113.66,-100.95,-126.44,-119.98;
-82.35,-103.00,Inf,-93.68,-82.35,-96.98,-100.95,-110.65;
-99.99,-85.36,-96.69,Inf,-99.99,-79.34,-110.65,-100.95;
-103.96,-116.67,-85.36,-99.99,Inf,-90.67,-79.34,-96.98;
-113.66,-106.97,-103.00,-82.35,-93.68,Inf,-96.98,-79.34;
-122.99,-132.46,-106.97,-113.66,-82.35,-96.98,Inf,-90.67;
-129.45,-126.00,-116.67,-103.96,-99.99,-79.34,-90.67,Inf}
 KOMONDOR SIMULATION 'sim_input_nodes_sce2a_deployment_13.csv' (seed 1992)
{218.34,21.50,20.58,21.81,23.19,24.19,21.81,21.96,25.04,16.67,21.58,59.90,10.29,1.54,6.37,1.77,8.29,10.91,7.76,2.30,0.69,9.98,129.54,14.44,11.16,11.70,12.24,15.21,13.90,13.00,9.53,13.54,14.82,92.20,13.21,5.53,9.59,7.53,1.00,0.75,15.05,13.66,13.90,11.98,73.27,9.52,14.52,2.92,2.07,7.68,0.69,18.12,17.74,125.26,18.89,18.43,16.48,21.04,15.94,15.94,18.54,196.61,29.95,39.01,28.34,26.19,37.71,35.40,111.24,16.44,10.12,16.90,10.85,11.04,17.65,14.84,13.41}
{0.08,71.78,0.00,43.43,45.09,14.67,0.41,0.94}
{Inf,-64.10,-68.41,-56.27,-63.73,-64.43,-55.19,-49.46,-55.04,-66.74,-65.65,Inf,-56.58,-63.92,-53.98,-60.41,-60.32,-53.72,-64.87,-61.13,-65.28,-68.25,Inf,-58.99,-64.19,-64.88,-61.32,-54.88,-54.40,-61.66,-65.39,-59.51,-53.26,Inf,-54.47,-66.29,-63.25,-64.80,-63.20,-63.46,-49.70,-64.25,-57.54,-59.67,Inf,-67.59,-62.35,-63.70,-63.07,-67.72,-68.41,-49.99,-62.76,Inf,-52.21,-54.59,-62.39,-55.97,-63.27,-60.97,-60.39,Inf,-70.55,-64.20,-66.99,-69.42,-70.50,-65.77,Inf,-58.76,-65.22,-55.81,-65.39,-64.19,-61.03,-59.50,-63.65}
{Inf,-93.68,-79.34,-99.99,-103.96,-110.65,-126.00,-126.44;
-93.68,Inf,-96.98,-82.35,-113.66,-100.95,-132.46,-119.98;
-82.35,-99.99,Inf,-93.68,-82.35,-96.98,-106.97,-110.65;
-99.99,-82.35,-90.67,Inf,-99.99,-79.34,-116.67,-100.95;
-103.96,-113.66,-79.34,-99.99,Inf,-90.67,-85.36,-96.98;
-113.66,-103.96,-96.98,-82.35,-93.68,Inf,-103.00,-79.34;
-122.99,-129.45,-100.95,-113.66,-82.35,-96.98,Inf,-90.67;
-129.45,-122.99,-110.65,-103.96,-99.99,-79.34,-96.69,Inf}
 KOMONDOR SIMULATION 'sim_input_nodes_sce2a_deployment_14.csv' (seed 1992)
{129.48,5.61,27.80,5.68,29.11,9.83,25.57,25.88,147.99,24.12,25.50,16.90,22.89,15.67,24.96,17.97,64.59,3.92,11.67,9.60,20.51,3.53,15.36,124.80,14.64,20.43,20.28,18.95,20.97,11.08,18.47,98.00,12.52,3.53,3.84,2.30,18.36,19.43,20.58,11.44,5.99,123.03,24.81,9.37,22.81,37.32,27.03,1.69,161.13,23.73,9.06,25.73,8.83,20.28,23.96,25.04,24.50,106.37,22.35,16.59,14.13,14.67,21.20,2.00,15.44}
{5.48,0.85,19.26,7.30,10.50,46.85,2.70,40.73}
{Inf,-63.56,-50.16,-66.19,-61.96,-64.55,-63.20,-58.43,Inf,-65.73,-64.58,-65.51,-61.75,-66.02,-65.14,-65.59,Inf,-67.66,-61.28,-66.46,-57.88,-68.03,-66.62,Inf,-61.93,-50.19,-47.08,-63.42,-56.15,-63.29,-63.86,Inf,-68.58,-68.31,-66.85,-69.47,-58.80,-60.70,-59.81,-64.81,-67.16,Inf,-61.17,-63.49,-64.79,-55.82,-62.54,-69.71,Inf,-51.59,-68.12,-64.33,-66.78,-60.01,-61.00,-54.95,-65.19,Inf,-49.52,-65.61,-57.80,-62.42,-58.39,-66.09,-67.52}
{Inf,-93.68,-82.35,-96.98,-106.97,-116.67,-122.99,-129.45;
-93.68,Inf,-99.99,-79.34,-116.67,-106.97,-129.45,-122.99;
-82.35,-99.99,Inf,-90.67,-85.36,-103.00,-103.96,-113.66;
-99.99,-82.35,-93.68,Inf,-103.00,-85.36,-113.66,-103.96;
-103.96,-113.66,-82.35,-96.98,Inf,-96.69,-82.35,-99.99;
-113.66,-103.96,-99.99,-79.34,-96.69,Inf,-99.99,-82.35;
-122.99,-129.45,-103.96,-110.65,-85.36,-103.00,Inf,-93.68;
-129.45,-122.99,-113.66,-100.95,-103.00,-85.36,-93.68,Inf}
 KOMONDOR SIMULATION 'sim_input_nodes_sce2a_deployment_15.csv' (seed 1992)
{124.96,22.78,25.27,21.75,24.65,21.96,8.55,191.00,30.87,25.34,32.26,35.79,31.80,34.94,127.95,21.96,0.69,28.03,32.56,0.92,0.92,0.61,24.81,7.76,9.68,69.12,15.90,2.15,23.58,9.45,12.36,0.61,5.07,42.42,10.60,9.30,1.50,6.60,3.21,7.87,3.33,142.23,31.10,18.66,3.30,25.65,27.42,3.69,32.41,62.91,6.57,6.36,7.60,7.45,5.94,7.60,7.45,6.48,7.46,117.27,4.22,11.52,19.12,9.52,3.84,16.44,16.97,13.13,18.51,3.99}
{1.07,4.30,0.00,0.54,18.51,0.55,1.77,3.92}
{Inf,-60.79,-44.35,-60.69,-55.33,-56.89,-63.29,Inf,-67.29,-65.79,-54.93,-59.17,-60.39,-60.50,Inf,-66.43,-69.91,-60.90,-59.24,-68.62,-66.14,-70.86,-63.36,-67.22,-68.78,Inf,-65.65,-71.17,-63.73,-68.84,-67.86,-71.08,-71.39,Inf,-57.66,-62.60,-59.96,-55.27,-59.76,-61.53,-65.27,Inf,-64.07,-70.07,-70.61,-58.52,-58.47,-64.54,-52.95,Inf,-62.69,-64.21,-58.08,-53.41,-64.18,-51.71,-49.81,-64.31,-61.57,Inf,-66.89,-65.19,-68.28,-63.22,-67.98,-56.26,-57.94,-61.92,-66.15,-66.97}
{Inf,-93.68,-85.36,-103.00,-100.95,-116.67,-119.98,-129.45;
-90.67,Inf,-103.00,-85.36,-110.65,-106.97,-126.44,-122.99;
-79.34,-99.99,Inf,-96.69,-79.34,-103.00,-100.95,-113.66;
-96.98,-82.35,-96.69,Inf,-96.98,-85.36,-110.65,-103.96;
-100.95,-113.66,-85.36,-103.00,Inf,-96.69,-79.34,-99.99;
-110.65,-103.96,-103.00,-85.36,-90.67,Inf,-96.98,-82.35;
-119.98,-129.45,-106.97,-116.67,-79.34,-103.00,Inf,-93.68;
-126.44,-122.99,-116.67,-106.97,-96.98,-85.36,-90.67,Inf}
 KOMONDOR SIMULATION 'sim_input_nodes_sce2a_deployment_16.csv' (seed 1992)
{116.26,23.65,1.82,23.04,26.88,1.51,10.10,29.25,155.29,26.42,0.38,32.64,36.02,1.84,21.04,36.94,33.82,0.48,0.34,0.75,11.60,6.12,6.91,0.30,7.32,54.36,0.18,11.14,0.27,15.13,10.40,8.60,3.90,4.74,35.54,1.23,1.84,4.61,4.83,4.60,1.15,7.37,2.07,1.15,6.68,134.71,23.04,17.51,3.92,13.98,0.84,1.00,16.20,17.82,22.66,17.74,80.79,9.91,14.43,9.44,12.72,12.31,5.70,16.28,176.95,63.36,16.36,37.17,0.84,59.21}
{0.47,0.00,52.47,41.37,0.16,1.90,17.53,3.21}
{Inf,-57.80,-67.90,-61.15,-54.84,-65.41,-66.46,-64.11,Inf,-70.99,-70.21,-68.90,-66.21,-65.23,-68.87,-67.13,Inf,-64.71,-59.98,-61.34,-52.59,-64.84,-63.85,-64.69,-62.29,Inf,-64.57,-56.61,-65.23,-54.14,-61.37,-54.82,-63.37,-64.76,Inf,-66.43,-62.69,-64.17,-65.21,-65.76,-69.43,-56.07,-70.50,-67.01,-62.84,Inf,-53.55,-61.04,-70.16,-65.04,-70.27,-70.74,-64.19,-63.14,-59.64,-69.96,Inf,-57.49,-62.20,-62.44,-64.75,-62.29,-64.78,-58.79,Inf,-56.91,-68.89,-69.96,-71.45,-56.03}
{Inf,-96.69,-79.34,-96.98,-106.97,-116.67,-119.98,-132.46;
-93.68,Inf,-96.98,-79.34,-116.67,-106.97,-126.44,-126.00;
-82.35,-103.00,Inf,-90.67,-85.36,-103.00,-100.95,-116.67;
-99.99,-85.36,-90.67,Inf,-103.00,-85.36,-110.65,-106.97;
-103.96,-116.67,-79.34,-96.98,Inf,-96.69,-79.34,-103.00;
-113.66,-106.97,-96.98,-79.34,-96.69,Inf,-96.98,-85.36;
-122.99,-132.46,-100.95,-110.65,-85.36,-103.00,Inf,-96.69;
-129.45,-126.00,-110.65,-100.95,-103.00,-85.36,-90.67,Inf}
 KOMONDOR SIMULATION 'sim_input_nodes_sce2a_deployment_17.csv' (seed 1992)
{67.66,3.06,6.22,18.20,12.90,18.66,6.09,2.53,281.52,36.78,36.02,36.10,36.48,1.77,34.33,27.78,34.10,38.17,55.76,11.60,1.38,16.97,1.92,1.15,6.68,15.97,0.08,56.47,5.13,5.27,9.51,0.55,15.36,20.66,104.29,16.59,13.29,25.11,22.58,5.38,21.35,59.66,1.30,11.74,0.08,0.46,10.75,8.45,10.91,0.31,15.67,130.48,8.76,16.82,7.45,10.52,16.82,16.44,10.98,15.74,15.67,11.29,162.97,22.12,17.28,21.20,22.12,23.96,17.89,20.20,18.20}
{5.24,0.00,10.31,45.89,9.90,21.19,11.22,3.43}
{Inf,-64.17,-58.84,-51.97,-64.13,-55.17,-61.82,-60.73,Inf,-66.32,-61.90,-52.63,-59.55,-65.26,-54.56,-65.67,-61.21,-58.51,Inf,-63.25,-71.11,-66.61,-69.62,-68.64,-67.18,-62.41,-71.06,Inf,-63.25,-62.74,-60.07,-60.56,-58.30,-53.14,Inf,-65.01,-67.45,-44.38,-52.40,-65.64,-60.32,Inf,-69.29,-69.62,-71.22,-64.59,-65.12,-62.28,-65.49,-70.14,-55.18,Inf,-66.89,-65.24,-61.94,-67.53,-52.68,-55.89,-67.99,-48.12,-64.98,-65.81,Inf,-66.89,-68.30,-66.91,-63.75,-64.20,-65.28,-55.84,-67.53}
{Inf,-96.69,-85.36,-96.98,-103.96,-116.67,-122.99,-129.45;
-90.67,Inf,-103.00,-79.34,-113.66,-106.97,-129.45,-122.99;
-79.34,-103.00,Inf,-90.67,-82.35,-103.00,-103.96,-113.66;
-96.98,-85.36,-96.69,Inf,-99.99,-85.36,-113.66,-103.96;
-100.95,-116.67,-85.36,-96.98,Inf,-96.69,-82.35,-99.99;
-110.65,-106.97,-103.00,-79.34,-93.68,Inf,-99.99,-82.35;
-119.98,-132.46,-106.97,-110.65,-82.35,-103.00,Inf,-93.68;
-126.44,-126.00,-116.67,-100.95,-99.99,-85.36,-93.68,Inf}
 KOMONDOR SIMULATION 'sim_input_nodes_sce2a_deployment_18.csv' (seed 1992)
{72.58,1.54,20.58,20.51,15.59,13.06,1.31,225.33,32.10,29.41,26.65,31.56,25.42,19.89,25.42,14.44,20.43,119.42,15.67,4.38,22.20,12.90,19.81,19.05,25.42,221.88,22.89,20.74,29.18,23.96,28.57,21.20,21.43,29.72,22.43,1.77,110.91,27.19,16.35,25.65,16.42,25.31,38.17,1.15,1.92,5.99,3.61,0.92,8.52,5.53,1.92,6.84,1.77,166.43,0.00,18.51,0.08,24.50,22.73,24.73,25.50,25.27,0.69,24.42,106.16,13.82,16.51,15.25,10.67,6.16,13.95,11.90,17.89}
{0.30,-15.07,27.64,0.62,1.19,4.70,0.00,10.13}
{Inf,-68.31,-65.91,-63.24,-62.73,-65.33,-65.71,Inf,-67.77,-61.64,-70.66,-64.16,-71.20,-68.38,-69.96,-69.57,-69.01,Inf,-64.65,-67.48,-44.47,-59.91,-51.45,-66.50,-66.25,Inf,-68.86,-63.63,-64.86,-65.00,-64.59,-68.98,-69.39,-61.09,-65.47,-68.03,Inf,-53.51,-61.86,-59.29,-61.02,-61.31,Inf,-70.47,-65.83,-58.44,-60.92,-68.50,-59.47,-64.30,-69.66,-66.29,-71.33,Inf,-69.80,-71.25,-68.15,-68.17,-67.97,-55.88,-69.64,-69.09,-66.88,-55.99,Inf,-63.00,-55.94,-62.93,-62.35,-65.36,-64.00,-52.90,-52.19}
{Inf,-96.69,-82.35,-103.00,-100.95,-116.67,-126.00,-126.44;
-93.68,Inf,-99.99,-85.36,-110.65,-106.97,-132.46,-119.98;
-82.35,-103.00,Inf,-96.69,-79.34,-103.00,-106.97,-110.65;
-99.99,-85.36,-93.68,Inf,-96.98,-85.36,-116.67,-100.95;
-103.96,-116.67,-82.35,-103.00,Inf,-96.69,-85.36,-96.98;
-113.66,-106.97,-99.99,-85.36,-90.67,Inf,-103.00,-79.34;
-122.99,-132.46,-103.96,-116.67,-79.34,-103.00,Inf,-90.67;
-129.45,-126.00,-113.66,-106.97,-96.98,-85.36,-96.69,Inf}
 KOMONDOR SIMULATION 'sim_input_nodes_sce2a_deployment_19.csv' (seed 1992)
{131.18,28.26,10.74,27.49,17.01,26.27,21.41,136.24,2.15,2.76,2.69,36.33,22.66,35.40,34.25,131.16,16.48,16.28,15.53,17.10,17.51,18.43,14.16,15.66,46.15,0.27,8.48,1.56,0.72,13.90,12.36,4.86,3.99,1.69,0.08,0.38,0.08,0.00,0.15,0.15,0.00,0.38,0.31,0.15,121.80,56.99,44.47,17.51,2.53,0.31,109.32,21.82,23.87,24.62,24.49,14.52,201.83,10.06,0.15,32.26,10.06,34.02,33.41,34.71,7.37,6.14,33.64}
{0.11,-32.13,0.67,48.74,0.98,1.64,1.73,2.00}
{Inf,-56.32,-64.33,-53.40,-65.09,-51.31,-61.79,Inf,-68.54,-66.98,-67.51,-55.78,-70.99,-57.14,-70.17,Inf,-63.01,-62.64,-63.31,-61.05,-50.72,-48.70,-64.84,-63.38,Inf,-63.75,-63.24,-64.90,-64.09,-48.70,-52.53,-59.45,-58.39,Inf,-52.28,-57.22,-58.19,-65.44,-49.58,-67.04,-65.75,-56.72,-56.68,-52.24,Inf,-57.88,-59.58,-69.89,-70.73,-70.21,Inf,-60.98,-60.69,-59.18,-59.45,-64.98,Inf,-67.90,-71.09,-55.32,-70.02,-58.95,-63.65,-54.06,-66.41,-68.48,-51.33}
{Inf,-96.69,-79.34,-96.98,-103.96,-116.67,-119.98,-132.46;
-90.67,Inf,-96.98,-79.34,-113.66,-106.97,-126.44,-126.00;
-79.34,-103.00,Inf,-90.67,-82.35,-103.00,-100.95,-116.67;
-96.98,-85.36,-90.67,Inf,-99.99,-85.36,-110.65,-106.97;
-100.95,-116.67,-79.34,-96.98,Inf,-96.69,-79.34,-103.00;
-110.65,-106.97,-96.98,-79.34,-93.68,Inf,-96.98,-85.36;
-119.98,-132.46,-100.95,-110.65,-82.35,-103.00,Inf,-96.69;
-126.44,-126.00,-110.65,-100.95,-99.99,-85.36,-90.67,Inf}
 KOMONDOR SIMULATION 'sim_input_nodes_sce2a_deployment_20.csv' (seed 1992)
{52.32,15.94,12.59,8.82,0.68,13.89,0.41,122.61,18.28,14.71,15.46,18.36,11.34,16.28,10.53,17.66,168.12,2.61,25.50,1.08,2.76,36.56,35.25,31.49,1.23,29.88,1.77,211.66,21.12,21.04,19.66,22.12,22.20,20.35,21.81,21.35,20.66,21.35,53.61,2.84,2.92,18.36,12.21,15.59,1.69,140.52,16.36,14.16,12.60,17.05,16.97,15.80,15.32,17.13,15.13,218.50,24.88,24.35,23.96,23.35,30.41,23.35,1.31,31.49,13.36,22.04,235.32,41.63,38.40,34.02,40.78,38.71,41.78}
{2.49,0.99,1.05,0.30,55.75,0.09,0.29,0.73}
{Inf,-59.63,-62.32,-64.48,-63.10,-61.14,-62.29,Inf,-56.54,-62.64,-61.10,-54.80,-64.97,-59.91,-65.03,-58.36,Inf,-64.37,-59.87,-67.90,-64.65,-54.20,-58.82,-53.71,-67.14,-59.28,-67.90,Inf,-67.70,-63.77,-65.78,-51.78,-63.52,-65.31,-58.50,-63.58,-62.32,-66.33,Inf,-65.97,-66.02,-54.00,-65.02,-62.89,-67.65,Inf,-57.70,-61.79,-64.14,-58.18,-56.79,-63.24,-63.85,-54.35,-55.49,Inf,-70.03,-67.94,-69.72,-65.03,-62.42,-70.07,-68.06,-54.92,-70.26,-65.57,Inf,-61.12,-67.67,-63.14,-57.46,-48.46,-61.21}
{Inf,-90.67,-85.36,-99.99,-103.96,-110.65,-126.00,-129.45;
-90.67,Inf,-103.00,-82.35,-113.66,-100.95,-132.46,-122.99;
-79.34,-96.98,Inf,-93.68,-82.35,-96.98,-106.97,-113.66;
-96.98,-79.34,-96.69,Inf,-99.99,-79.34,-116.67,-103.96;
-100.95,-110.65,-85.36,-99.99,Inf,-90.67,-85.36,-99.99;
-110.65,-100.95,-103.00,-82.35,-93.68,Inf,-103.00,-82.35;
-119.98,-126.44,-106.97,-113.66,-82.35,-96.98,Inf,-93.68;
-126.44,-119.98,-116.67,-103.96,-99.99,-79.34,-96.69,Inf}
 KOMONDOR SIMULATION 'sim_input_nodes_sce2a_deployment_21.csv' (seed 1992)
{77.47,8.62,10.68,11.70,8.55,7.80,12.44,7.25,10.44,134.83,14.64,14.57,17.65,18.51,18.82,17.20,16.07,17.37,53.38,2.76,2.61,7.76,6.45,6.99,1.54,9.52,7.60,8.14,126.80,19.20,18.19,15.05,14.91,16.48,13.38,12.96,16.62,167.81,2.07,9.75,2.30,27.42,30.34,26.57,27.34,12.75,29.26,62.98,5.30,12.13,11.98,10.21,16.59,4.76,2.00,193.77,36.17,44.01,24.81,11.29,44.39,10.91,22.20,76.80,22.66,2.53,25.04,1.54,3.84,18.12,3.07}
{3.60,0.71,3.48,0.21,3.33,18.78,0.79,0.73}
{Inf,-63.13,-56.09,-61.61,-60.02,-64.47,-59.00,-65.14,-64.89,Inf,-64.59,-60.51,-60.34,-41.69,-58.44,-53.93,-60.05,-59.75,Inf,-66.43,-64.71,-63.53,-68.32,-63.38,-65.84,-55.71,-67.59,-53.91,Inf,-57.71,-59.34,-47.18,-59.43,-62.38,-64.50,-64.10,-61.29,Inf,-70.84,-67.84,-70.65,-52.79,-55.84,-63.04,-58.98,-69.71,-60.75,Inf,-68.15,-66.25,-65.64,-65.78,-64.64,-68.03,-67.67,Inf,-66.90,-54.20,-64.34,-71.09,-59.49,-67.49,-69.93,Inf,-67.96,-64.13,-64.80,-66.42,-68.40,-64.38,-65.71}
{Inf,-90.67,-82.35,-96.98,-106.97,-113.66,-126.00,-129.45;
-90.67,Inf,-99.99,-79.34,-116.67,-103.96,-132.46,-122.99;
-79.34,-96.98,Inf,-90.67,-85.36,-99.99,-106.97,-113.66;
-96.98,-79.34,-93.68,Inf,-103.00,-82.35,-116.67,-103.96;
-100.95,-110.65,-82.35,-96.98,Inf,-93.68,-85.36,-99.99;
-110.65,-100.95,-99.99,-79.34,-96.69,Inf,-103.00,-82.35;
-119.98,-126.44,-103.96,-110.65,-85.36,-99.99,Inf,-93.68;
-126.44,-119.98,-113.66,-100.95,-103.00,-82.35,-96.69,Inf}
 KOMONDOR SIMULATION 'sim_input_nodes_sce2a_deployment_22.csv' (seed 1992)
{142.98,27.03,19.38,21.68,23.50,25.50,25.88,100.22,15.97,3.07,2.69,4.99,5.76,17.36,16.13,17.97,16.28,147.64,13.54,13.89,13.00,13.54,15.97,15.28,16.59,17.13,14.75,13.95,108.60,19.89,20.66,19.74,16.28,19.35,12.67,140.77,13.41,13.41,13.61,12.93,14.57,14.02,16.44,13.82,12.90,15.67,97.08,15.28,19.66,24.65,15.74,11.06,8.29,2.38,98.30,10.92,12.49,17.37,15.30,6.48,18.97,16.76,126.03,16.36,15.51,10.98,16.44,9.98,9.37,4.22,13.59,15.21,14.36}
{0.00,30.68,0.00,15.24,0.22,9.60,1.06,23.23}
{Inf,-56.76,-64.37,-60.44,-58.40,-58.42,-58.32,Inf,-67.03,-66.00,-67.45,-66.47,-61.36,-60.14,-63.53,-57.78,-58.61,Inf,-60.67,-59.94,-60.79,-61.50,-50.56,-51.96,-54.50,-56.58,-55.44,-63.62,Inf,-57.08,-52.25,-62.55,-67.47,-61.12,-65.12,Inf,-60.10,-62.16,-63.72,-61.62,-61.27,-60.19,-50.27,-51.53,-53.34,-58.28,Inf,-62.16,-55.25,-55.27,-63.34,-65.76,-71.21,-69.00,Inf,-64.42,-65.16,-62.67,-64.78,-64.89,-57.92,-61.86,Inf,-59.68,-61.40,-59.83,-63.38,-67.32,-68.32,-67.83,-61.78,-61.18,-57.87}
{Inf,-93.68,-79.34,-99.99,-100.95,-116.67,-119.98,-129.45;
-90.67,Inf,-96.98,-82.35,-110.65,-106.97,-126.44,-122.99;
-79.34,-99.99,Inf,-93.68,-79.34,-103.00,-100.95,-113.66;
-96.98,-82.35,-90.67,Inf,-96.98,-85.36,-110.65,-103.96;
-100.95,-113.66,-79.34,-99.99,Inf,-96.69,-79.34,-99.99;
-110.65,-103.96,-96.98,-82.35,-90.67,Inf,-96.98,-82.35;
-119.98,-129.45,-100.95,-113.66,-79.34,-103.00,Inf,-93.68;
-126.44,-122.99,-110.65,-103.96,-96.98,-85.36,-90.67,Inf}
 KOMONDOR SIMULATION 'sim_input_nodes_sce2a_deployment_23.csv' (seed 1992)
{128.08,26.73,28.80,15.87,25.58,31.10,203.14,25.19,24.04,25.34,24.50,25.50,24.73,17.89,21.20,14.75,80.18,13.67,16.36,15.44,0.08,0.84,0.46,17.36,14.98,0.77,0.23,112.31,10.26,11.83,17.10,14.16,16.97,7.34,19.05,15.60,71.14,15.74,9.29,11.56,17.51,0.46,16.57,114.34,13.00,11.76,12.86,9.90,13.41,13.89,16.44,13.61,9.48,119.12,15.94,13.13,15.32,16.48,11.64,17.13,12.65,16.82,216.81,7.76,22.12,24.04,23.58,24.58,23.73,20.97,23.50,23.50,23.04}
{3.88,0.00,0.15,0.49,25.33,0.00,11.35,0.00}
{Inf,-54.81,-57.40,-65.37,-60.15,-57.22,Inf,-63.65,-65.20,-64.44,-57.58,-58.07,-64.21,-63.57,-66.59,-64.87,Inf,-68.27,-53.13,-70.91,-67.47,-71.31,-67.74,-52.17,-55.08,-71.24,-70.09,Inf,-64.03,-60.90,-61.24,-59.63,-55.78,-65.35,-58.05,-62.23,Inf,-61.94,-61.30,-67.07,-68.34,-66.94,-66.98,Inf,-61.08,-61.59,-60.06,-65.19,-59.83,-61.10,-55.90,-61.87,-65.29,Inf,-62.54,-58.49,-61.25,-63.66,-64.95,-49.73,-63.00,-50.78,Inf,-67.98,-62.36,-68.37,-58.04,-58.56,-60.71,-59.67,-60.50,-62.51,-58.37}
{Inf,-93.68,-85.36,-96.98,-103.96,-110.65,-119.98,-129.45;
-90.67,Inf,-103.00,-79.34,-113.66,-100.95,-126.44,-122.99;
-79.34,-99.99,Inf,-90.67,-82.35,-96.98,-100.95,-113.66;
-96.98,-82.35,-96.69,Inf,-99.99,-79.34,-110.65,-103.96;
-100.95,-113.66,-85.36,-96.98,Inf,-90.67,-79.34,-99.99;
-110.65,-103.96,-103.00,-79.34,-93.68,Inf,-96.98,-82.35;
-119.98,-129.45,-106.97,-110.65,-82.35,-96.98,Inf,-93.68;
-126.44,-122.99,-116.67,-100.95,-99.99,-79.34,-90.67,Inf}
 KOMONDOR SIMULATION 'sim_input_nodes_sce2a_deployment_24.csv' (seed 1992)
{105.22,15.05,11.90,15.13,18.12,21.35,20.51,3.15,121.31,20.51,14.82,18.40,24.88,20.66,22.04,106.60,13.52,7.30,14.82,12.29,5.76,10.60,12.90,9.37,5.07,14.98,102.22,14.28,11.83,9.75,12.98,4.53,14.75,17.43,15.74,0.31,0.61,53.07,12.75,3.84,10.52,12.90,13.06,73.11,20.04,11.75,7.91,10.98,22.43,146.30,18.51,16.67,19.66,14.13,12.67,13.75,13.13,20.04,17.74,104.52,15.51,3.07,4.84,10.68,12.83,9.06,16.82,14.82,16.90}
{33.00,9.50,25.46,0.61,7.77,32.14,7.41,21.46}
{Inf,-54.46,-59.26,-60.37,-59.03,-58.23,-65.86,-64.78,Inf,-44.55,-64.40,-63.61,-58.33,-63.60,-57.69,Inf,-58.69,-66.81,-58.59,-57.33,-58.70,-65.56,-57.16,-66.44,-67.87,-57.86,Inf,-63.50,-71.22,-68.27,-69.46,-68.63,-61.44,-53.06,-65.56,-69.30,-69.44,Inf,-63.28,-67.64,-63.06,-58.71,-54.21,Inf,-58.50,-62.82,-67.86,-64.00,-53.60,Inf,-60.39,-64.88,-66.18,-67.19,-64.75,-66.87,-63.67,-63.13,-57.36,Inf,-68.12,-65.13,-64.01,-67.84,-53.02,-68.30,-54.76,-63.79,-66.57}
{Inf,-90.67,-82.35,-103.00,-103.96,-113.66,-122.99,-129.45;
-93.68,Inf,-99.99,-85.36,-113.66,-103.96,-129.45,-122.99;
-82.35,-96.98,Inf,-96.69,-82.35,-99.99,-103.96,-113.66;
-99.99,-79.34,-93.68,Inf,-99.99,-82.35,-113.66,-103.96;
-103.96,-110.65,-82.35,-103.00,Inf,-93.68,-82.35,-99.99;
-113.66,-100.95,-99.99,-85.36,-93.68,Inf,-99.99,-82.35;
-122.99,-126.44,-103.96,-116.67,-82.35,-99.99,Inf,-93.68;
-129.45,-119.98,-113.66,-106.97,-99.99,-82.35,-93.68,Inf}
 KOMONDOR SIMULATION 'sim_input_nodes_sce2a_deployment_25.csv' (seed 1992)
{148.53,1.00,19.43,19.28,14.52,19.28,19.43,16.97,3.07,17.59,17.97,173.72,22.27,41.32,3.15,39.01,25.96,17.28,24.73,68.43,3.84,13.44,0.84,15.44,2.23,3.00,1.46,9.98,1.61,16.59,179.40,13.44,36.33,32.26,16.20,25.57,19.74,35.87,128.66,15.32,13.32,16.74,17.97,13.32,14.98,17.65,19.35,24.19,1.00,3.76,1.23,4.92,0.77,12.52,188.62,15.82,24.35,25.34,26.73,23.50,24.42,22.04,26.42,101.47,11.83,11.70,12.24,17.97,13.82,14.71,4.15,15.05}
{14.80,1.51,34.01,0.00,0.09,-0.00,0.18,5.19}
{Inf,-67.48,-55.65,-58.42,-51.24,-65.18,-58.54,-51.17,-62.81,-56.61,-63.88,Inf,-70.54,-49.89,-71.02,-57.94,-70.61,-66.02,-66.02,Inf,-62.44,-66.16,-68.39,-62.99,-68.09,-62.52,-63.92,-66.90,-65.01,-53.27,Inf,-66.83,-66.13,-64.03,-69.65,-71.05,-66.44,-66.48,Inf,-63.18,-64.03,-57.13,-58.10,-64.74,-62.88,-60.45,-58.81,Inf,-68.62,-66.81,-67.09,-66.40,-69.95,-63.73,Inf,-66.77,-60.11,-59.58,-65.34,-65.51,-66.57,-58.67,-59.77,Inf,-63.35,-65.00,-63.31,-55.06,-62.27,-61.91,-65.24,-62.47}
{Inf,-96.69,-82.35,-103.00,-100.95,-116.67,-122.99,-126.44;
-93.68,Inf,-99.99,-85.36,-110.65,-106.97,-129.45,-119.98;
-82.35,-103.00,Inf,-96.69,-79.34,-103.00,-103.96,-110.65;
-99.99,-85.36,-93.68,Inf,-96.98,-85.36,-113.66,-100.95;
-103.96,-116.67,-82.35,-103.00,Inf,-96.69,-82.35,-96.98;
-113.66,-106.97,-99.99,-85.36,-90.67,Inf,-99.99,-79.34;
-122.99,-132.46,-103.96,-116.67,-79.34,-103.00,Inf,-90.67;
-129.45,-126.00,-113.66,-106.97,-96.98,-85.36,-93.68,Inf}
 KOMONDOR SIMULATION 'sim_input_nodes_sce2a_deployment_26.csv' (seed 1992)
{162.66,12.67,21.50,10.52,10.60,25.73,23.42,22.50,13.36,10.98,11.37,151.22,11.90,11.75,33.18,34.48,27.57,32.33,94.77,3.15,24.73,26.19,14.21,26.50,169.57,2.38,31.80,27.88,0.84,8.45,21.12,31.26,26.42,19.43,133.58,32.49,29.11,4.44,33.95,33.60,49.08,7.83,10.52,2.15,3.46,3.46,11.98,1.69,7.99,99.61,5.81,14.98,16.67,14.84,2.33,14.71,16.05,14.23,101.62,11.29,13.98,11.04,7.73,12.38,11.08,7.74,14.82,11.56}
{8.75,6.25,0.00,0.98,1.87,0.95,21.41,10.29}
{Inf,-66.19,-67.75,-70.97,-70.97,-62.82,-57.94,-60.42,-67.38,-68.18,-66.61,Inf,-66.88,-67.95,-60.59,-63.64,-61.12,-62.29,Inf,-65.91,-65.69,-66.60,-68.45,-67.00,Inf,-70.02,-57.02,-58.42,-71.36,-70.74,-69.12,-61.20,-55.19,-69.06,Inf,-62.99,-62.18,-64.04,-52.45,-67.72,Inf,-69.22,-57.23,-68.86,-69.26,-66.62,-53.51,-70.63,-52.90,Inf,-60.08,-46.41,-52.27,-59.66,-63.96,-59.13,-57.38,-61.74,Inf,-60.75,-54.73,-64.97,-63.11,-61.37,-60.24,-64.50,-52.84,-63.29}
{Inf,-93.68,-85.36,-103.00,-103.96,-116.67,-119.98,-126.44;
-96.69,Inf,-103.00,-85.36,-113.66,-106.97,-126.44,-119.98;
-85.36,-99.99,Inf,-96.69,-82.35,-103.00,-100.95,-110.65;
-103.00,-82.35,-96.69,Inf,-99.99,-85.36,-110.65,-100.95;
-106.97,-113.66,-85.36,-103.00,Inf,-96.69,-79.34,-96.98;
-116.67,-103.96,-103.00,-85.36,-93.68,Inf,-96.98,-79.34;
-126.00,-129.45,-106.97,-116.67,-82.35,-103.00,Inf,-90.67;
-132.46,-122.99,-116.67,-106.97,-99.99,-85.36,-90.67,Inf}
 KOMONDOR SIMULATION 'sim_input_nodes_sce2a_deployment_27.csv' (seed 1992)
{129.33,15.21,15.74,27.26,29.64,13.75,27.72,220.19,39.63,10.14,39.63,39.24,37.25,38.40,15.90,78.34,19.66,19.97,17.89,9.83,2.69,2.46,5.84,61.44,3.69,3.23,7.99,6.07,18.89,5.99,15.59,139.08,12.60,13.36,10.75,16.82,24.73,19.28,27.11,14.44,147.84,16.51,7.07,14.13,17.74,16.20,17.97,17.89,6.60,16.36,17.36,190.31,14.90,36.40,13.13,12.06,31.33,39.86,7.07,35.56,117.39,7.74,13.68,14.16,13.82,14.98,9.06,15.46,14.82,13.68}
{10.08,-12.69,1.77,0.76,5.50,21.43,0.68,1.23}
{Inf,-67.00,-67.09,-65.65,-54.44,-62.32,-64.59,Inf,-49.02,-70.78,-70.56,-60.89,-56.10,-63.10,-70.67,Inf,-56.97,-54.63,-60.06,-67.10,-67.39,-66.34,-67.60,Inf,-71.24,-69.90,-67.15,-68.54,-63.38,-68.27,-64.35,Inf,-63.70,-64.61,-69.02,-63.81,-58.43,-68.24,-50.58,-70.19,Inf,-54.60,-65.20,-66.53,-66.57,-48.20,-60.28,-64.49,-67.48,-61.80,-54.90,Inf,-68.90,-52.66,-66.54,-66.57,-70.88,-69.75,-69.91,-57.15,Inf,-64.10,-60.37,-62.94,-60.53,-56.39,-64.64,-61.07,-51.80,-62.49}
{Inf,-96.69,-82.35,-103.00,-106.97,-113.66,-126.00,-126.44;
-93.68,Inf,-99.99,-85.36,-116.67,-103.96,-132.46,-119.98;
-82.35,-103.00,Inf,-96.69,-85.36,-99.99,-106.97,-110.65;
-99.99,-85.36,-93.68,Inf,-103.00,-82.35,-116.67,-100.95;
-103.96,-116.67,-82.35,-103.00,Inf,-93.68,-85.36,-96.98;
-113.66,-106.97,-99.99,-85.36,-96.69,Inf,-103.00,-79.34;
-122.99,-132.46,-103.96,-116.67,-85.36,-99.99,Inf,-90.67;
-129.45,-126.00,-113.66,-106.97,-103.00,-82.35,-96.69,Inf}
 KOMONDOR SIMULATION 'sim_input_nodes_sce2a_deployment_28.csv' (seed 1992)
{94.13,7.02,14.82,4.97,8.34,5.65,12.93,13.20,12.83,14.36,142.95,9.21,13.47,12.54,16.36,15.74,14.30,14.36,15.90,15.13,15.94,54.61,16.97,2.46,11.90,19.78,2.68,0.81,123.76,24.62,23.13,28.48,24.81,22.73,44.77,3.38,10.75,9.91,2.84,9.45,8.45,34.44,3.66,14.28,4.32,10.33,0.96,0.89,129.48,3.84,22.96,9.22,17.66,25.88,24.58,25.34,279.67,54.84,12.98,53.38,51.81,53.45,53.22}
{4.58,-0.00,0.29,0.00,60.15,28.63,18.89,0.12}
{Inf,-65.43,-52.42,-65.37,-65.25,-65.11,-60.32,-63.68,-55.02,-54.72,Inf,-65.37,-63.51,-64.32,-52.97,-47.04,-62.92,-57.43,-51.30,-51.46,-59.30,Inf,-63.10,-69.23,-67.88,-71.04,-68.74,-70.40,Inf,-68.27,-64.41,-67.61,-67.91,-66.37,Inf,-68.02,-49.84,-61.53,-68.23,-60.19,-59.57,Inf,-64.08,-43.90,-64.84,-63.25,-63.27,-63.40,Inf,-67.69,-64.63,-67.23,-57.40,-65.31,-54.31,-53.20,Inf,-57.61,-66.57,-62.94,-66.44,-55.71,-63.73}
{Inf,-90.67,-85.36,-99.99,-103.96,-110.65,-122.99,-132.46;
-90.67,Inf,-103.00,-82.35,-113.66,-100.95,-129.45,-126.00;
-79.34,-96.98,Inf,-93.68,-82.35,-96.98,-103.96,-116.67;
-96.98,-79.34,-96.69,Inf,-99.99,-79.34,-113.66,-106.97;
-100.95,-110.65,-85.36,-99.99,Inf,-90.67,-82.35,-103.00;
-110.65,-100.95,-103.00,-82.35,-93.68,Inf,-99.99,-85.36;
-119.98,-126.44,-106.97,-113.66,-82.35,-96.98,Inf,-96.69;
-126.44,-119.98,-116.67,-103.96,-99.99,-79.34,-93.68,Inf}
 KOMONDOR SIMULATION 'sim_input_nodes_sce2a_deployment_29.csv' (seed 1992)
{139.47,25.57,25.11,29.03,19.58,28.80,11.37,98.92,14.05,18.97,22.04,22.50,21.35,71.58,9.91,7.45,2.61,8.14,4.07,11.98,11.06,1.38,12.36,2.61,102.62,9.54,16.20,14.52,10.60,13.44,11.44,12.83,14.05,102.99,23.12,23.81,1.23,28.72,3.15,1.61,15.74,5.61,46.23,10.75,12.67,12.21,4.07,6.53,117.12,25.57,2.76,8.06,23.58,3.30,11.14,8.83,7.22,1.31,25.34,118.81,18.20,19.20,17.89,4.53,38.63,8.14,12.21}
{4.88,-2.11,13.09,21.05,0.00,13.25,0.66,0.00}
{Inf,-67.21,-60.72,-64.56,-63.77,-64.59,-68.44,Inf,-63.21,-67.59,-64.26,-68.53,-67.00,Inf,-64.79,-63.68,-70.87,-70.63,-64.65,-64.96,-67.58,-67.66,-52.81,-69.66,Inf,-64.57,-47.55,-54.48,-52.23,-50.66,-53.60,-55.06,-58.68,Inf,-65.54,-66.74,-70.81,-65.33,-68.38,-70.99,-68.33,-68.93,Inf,-54.11,-65.03,-67.76,-65.40,-62.98,Inf,-53.10,-70.73,-65.26,-66.53,-70.69,-68.71,-70.67,-67.47,-70.78,-65.62,Inf,-70.69,-65.71,-68.82,-71.14,-47.38,-69.58,-69.62}
{Inf,-96.69,-85.36,-96.98,-106.97,-113.66,-126.00,-132.46;
-93.68,Inf,-103.00,-79.34,-116.67,-103.96,-132.46,-126.00;
-82.35,-103.00,Inf,-90.67,-85.36,-99.99,-106.97,-116.67;
-99.99,-85.36,-96.69,Inf,-103.00,-82.35,-116.67,-106.97;
-103.96,-116.67,-85.36,-96.98,Inf,-93.68,-85.36,-103.00;
-113.66,-106.97,-103.00,-79.34,-96.69,Inf,-103.00,-85.36;
-122.99,-132.46,-106.97,-110.65,-85.36,-99.99,Inf,-96.69;
-129.45,-126.00,-116.67,-100.95,-103.00,-82.35,-96.69,Inf}
 KOMONDOR SIMULATION 'sim_input_nodes_sce2a_deployment_30.csv' (seed 1992)
{235.93,31.95,32.87,35.71,35.17,32.18,34.25,33.79,61.35,7.60,7.11,6.06,4.65,5.88,6.22,8.29,4.56,4.33,6.63,120.57,21.20,18.19,14.70,20.52,19.77,26.19,52.13,0.00,7.18,0.06,8.06,7.46,7.83,9.29,5.81,6.43,66.66,4.61,21.66,11.06,12.52,3.23,13.59,146.53,35.02,37.32,1.54,1.46,0.46,1.54,32.56,36.63,146.38,33.56,38.48,41.40,2.15,30.80,82.02,8.83,10.19,15.36,12.75,6.09,5.54,0.06,10.68,12.52}
{0.00,0.67,0.74,12.54,31.22,0.24,1.27,27.63}
{Inf,-59.00,-68.21,-59.73,-67.73,-59.06,-56.26,-48.45,Inf,-50.20,-61.82,-64.33,-65.24,-61.02,-54.06,-42.68,-64.58,-65.18,-62.45,Inf,-60.39,-59.09,-64.25,-62.69,-62.22,-58.98,Inf,-64.66,-62.04,-64.36,-56.52,-61.11,-47.47,-45.01,-60.17,-62.14,Inf,-65.30,-62.07,-65.14,-65.42,-65.13,-68.04,Inf,-60.58,-52.95,-68.03,-69.43,-71.24,-68.88,-65.46,-61.92,Inf,-49.35,-63.78,-62.06,-68.04,-65.13,Inf,-54.21,-61.39,-57.67,-58.72,-62.67,-63.06,-64.11,-64.79,-53.86}
{Inf,-90.67,-79.34,-96.98,-103.96,-116.67,-122.99,-126.44;
-93.68,Inf,-96.98,-79.34,-113.66,-106.97,-129.45,-119.98;
-82.35,-96.98,Inf,-90.67,-82.35,-103.00,-103.96,-110.65;
-99.99,-79.34,-90.67,Inf,-99.99,-85.36,-113.66,-100.95;
-103.96,-110.65,-79.34,-96.98,Inf,-96.69,-82.35,-96.98;
-113.66,-100.95,-96.98,-79.34,-93.68,Inf,-99.99,-79.34;
-122.99,-126.44,-100.95,-110.65,-82.35,-103.00,Inf,-90.67;
-129.45,-119.98,-110.65,-100.95,-99.99,-85.36,-93.68,Inf}
 KOMONDOR SIMULATION 'sim_input_nodes_sce2a_deployment_31.csv' (seed 1992)
{207.36,29.64,37.40,18.43,30.18,37.17,30.95,20.04,3.53,217.96,60.98,6.30,50.23,66.97,33.48,89.40,12.75,1.54,0.38,2.23,31.56,0.31,26.65,10.44,3.53,181.09,13.13,29.26,38.71,23.50,22.20,10.14,44.16,81.31,13.13,20.20,20.81,2.16,22.27,2.74,35.79,1.84,25.73,0.15,5.15,1.00,1.92,241.15,35.56,34.79,24.27,23.12,16.59,17.43,28.03,34.33,27.03,116.74,25.88,4.38,21.81,4.84,18.66,18.97,22.20}
{0.41,5.82,0.61,8.41,43.94,0.60,0.49,17.41}
{Inf,-67.68,-65.42,-67.29,-66.22,-56.69,-65.83,-69.16,-66.45,Inf,-60.08,-67.54,-59.37,-62.10,-67.50,Inf,-66.32,-65.69,-71.18,-66.76,-56.23,-69.35,-62.86,-65.53,-69.31,Inf,-66.96,-64.02,-50.58,-68.19,-67.53,-65.49,-60.11,Inf,-56.04,-56.77,-50.57,-64.13,-53.01,-62.09,Inf,-69.39,-47.58,-70.14,-70.46,-69.91,-70.69,Inf,-52.86,-69.13,-62.68,-69.60,-66.01,-69.44,-63.63,-69.48,-63.42,Inf,-57.60,-67.80,-66.00,-67.22,-66.13,-66.35,-56.66}
{Inf,-96.69,-85.36,-103.00,-100.95,-116.67,-126.00,-129.45;
-96.69,Inf,-103.00,-85.36,-110.65,-106.97,-132.46,-122.99;
-85.36,-103.00,Inf,-96.69,-79.34,-103.00,-106.97,-113.66;
-103.00,-85.36,-96.69,Inf,-96.98,-85.36,-116.67,-103.96;
-106.97,-116.67,-85.36,-103.00,Inf,-96.69,-85.36,-99.99;
-116.67,-106.97,-103.00,-85.36,-90.67,Inf,-103.00,-82.35;
-126.00,-132.46,-106.97,-116.67,-79.34,-103.00,Inf,-93.68;
-132.46,-126.00,-116.67,-106.97,-96.98,-85.36,-96.69,Inf}
 KOMONDOR SIMULATION 'sim_input_nodes_sce2a_deployment_32.csv' (seed 1992)
{152.29,40.32,4.61,39.01,1.00,28.80,0.69,37.40,0.46,84.75,10.47,19.97,20.31,13.47,20.52,75.39,11.64,1.54,9.00,11.94,15.13,14.44,11.64,0.07,46.39,6.91,2.61,7.14,6.99,5.45,5.68,5.91,4.15,1.54,143.88,15.74,13.61,15.59,16.51,15.51,14.04,13.29,13.95,15.82,9.80,78.49,0.54,4.99,1.23,11.37,15.82,2.53,15.74,11.98,3.30,10.98,122.99,23.46,20.88,23.46,27.42,27.77,131.64,25.42,29.95,19.89,25.50,30.87}
{0.00,9.95,32.49,19.98,0.00,43.72,0.00,2.18}
{Inf,-58.12,-63.04,-65.84,-68.23,-71.13,-66.92,-61.49,-68.56,Inf,-63.41,-60.56,-60.54,-63.43,-63.24,Inf,-64.35,-56.69,-64.18,-64.34,-57.20,-57.48,-64.36,-62.99,Inf,-57.33,-66.19,-63.33,-63.96,-66.08,-58.66,-50.68,-64.32,-65.14,Inf,-42.32,-63.58,-58.97,-57.60,-48.79,-64.61,-57.63,-61.54,-47.42,-65.08,Inf,-71.46,-62.43,-68.56,-67.79,-61.16,-63.90,-55.50,-64.24,-62.41,-65.60,Inf,-60.41,-64.11,-63.76,-58.28,-59.70,Inf,-67.30,-67.30,-68.14,-65.39,-68.10}
{Inf,-90.67,-79.34,-99.99,-100.95,-116.67,-119.98,-129.45;
-96.69,Inf,-96.98,-82.35,-110.65,-106.97,-126.44,-122.99;
-85.36,-96.98,Inf,-93.68,-79.34,-103.00,-100.95,-113.66;
-103.00,-79.34,-90.67,Inf,-96.98,-85.36,-110.65,-103.96;
-106.97,-110.65,-79.34,-99.99,Inf,-96.69,-79.34,-99.99;
-116.67,-100.95,-96.98,-82.35,-90.67,Inf,-96.98,-82.35;
-126.00,-126.44,-100.95,-113.66,-79.34,-103.00,Inf,-93.68;
-132.46,-119.98,-110.65,-103.96,-96.98,-85.36,-90.67,Inf}
 KOMONDOR SIMULATION 'sim_input_nodes_sce2a_deployment_33.csv' (seed 1992)
{120.00,24.58,17.88,18.95,23.42,14.28,20.89,83.71,7.52,7.20,23.65,22.16,21.73,1.44,34.48,0.08,15.05,12.90,3.23,3.23,74.34,18.05,1.61,6.07,1.15,1.69,1.46,14.67,1.38,13.67,14.59,112.19,24.50,6.28,13.35,0.83,22.89,23.07,21.27,41.78,23.65,2.07,9.37,4.07,2.61,85.12,1.03,20.52,20.97,23.12,19.49,118.50,8.83,15.36,15.90,25.11,26.50,26.80}
{15.18,18.58,11.89,0.36,0.97,19.10,43.45,32.15}
{Inf,-58.34,-64.15,-59.07,-54.12,-58.52,-51.82,Inf,-65.09,-64.11,-52.22,-59.48,-46.42,-60.20,Inf,-70.17,-49.36,-66.64,-67.09,-62.03,Inf,-55.24,-68.07,-67.17,-71.01,-70.01,-67.99,-59.09,-68.96,-62.16,-63.57,Inf,-60.53,-67.78,-67.19,-67.28,-64.25,-62.33,-59.68,Inf,-54.82,-67.85,-61.70,-66.34,-68.42,Inf,-62.54,-63.35,-51.96,-48.51,-60.34,Inf,-62.97,-59.53,-56.12,-60.78,-61.07,-66.11}
{Inf,-90.67,-85.36,-103.00,-103.96,-113.66,-119.98,-129.45;
-90.67,Inf,-103.00,-85.36,-113.66,-103.96,-126.44,-122.99;
-79.34,-96.98,Inf,-96.69,-82.35,-99.99,-100.95,-113.66;
-96.98,-79.34,-96.69,Inf,-99.99,-82.35,-110.65,-103.96;
-100.95,-110.65,-85.36,-103.00,Inf,-93.68,-79.34,-99.99;
-110.65,-100.95,-103.00,-85.36,-93.68,Inf,-96.98,-82.35;
-119.98,-126.44,-106.97,-116.67,-82.35,-99.99,Inf,-93.68;
-126.44,-119.98,-116.67,-106.97,-99.99,-82.35,-90.67,Inf}
 KOMONDOR SIMULATION 'sim_input_nodes_sce2a_deployment_34.csv' (seed 1992)
{131.69,26.06,26.40,29.88,27.19,22.16,146.87,14.91,21.58,17.74,17.97,17.74,19.43,16.76,20.74,91.47,11.22,11.49,11.63,14.36,2.60,5.40,13.06,12.13,9.58,153.91,15.51,12.00,17.97,14.50,16.51,18.89,12.06,15.51,15.44,15.51,118.58,15.82,13.29,20.51,3.38,3.69,20.35,16.67,6.45,18.43,159.67,22.27,23.35,23.04,3.99,17.20,25.42,21.66,22.73,156.36,25.57,31.64,29.26,36.71,33.18,230.32,31.56,34.41,33.87,35.17,32.18,31.26,0.23,31.64}
{0.81,0.71,40.54,0.16,0.08,31.87,13.63,0.24}
{Inf,-63.70,-59.28,-56.74,-55.71,-63.78,Inf,-63.61,-55.08,-58.02,-58.84,-57.72,-48.41,-62.50,-57.79,Inf,-63.27,-62.34,-62.42,-49.09,-61.86,-60.23,-55.51,-56.93,-62.35,Inf,-56.08,-64.45,-42.25,-63.93,-53.48,-45.80,-64.52,-57.26,-58.79,-58.20,Inf,-62.93,-65.43,-54.19,-65.98,-66.98,-55.89,-63.33,-68.68,-63.50,Inf,-64.68,-56.79,-64.81,-64.22,-67.58,-46.75,-50.72,-62.35,Inf,-63.24,-57.91,-65.55,-64.00,-63.06,Inf,-69.23,-60.90,-60.78,-65.91,-70.76,-69.91,-71.03,-66.59}
{Inf,-90.67,-79.34,-96.98,-106.97,-113.66,-122.99,-132.46;
-90.67,Inf,-96.98,-79.34,-116.67,-103.96,-129.45,-126.00;
-79.34,-96.98,Inf,-90.67,-85.36,-99.99,-103.96,-116.67;
-96.98,-79.34,-90.67,Inf,-103.00,-82.35,-113.66,-106.97;
-100.95,-110.65,-79.34,-96.98,Inf,-93.68,-82.35,-103.00;
-110.65,-100.95,-96.98,-79.34,-96.69,Inf,-99.99,-85.36;
-119.98,-126.44,-100.95,-110.65,-85.36,-99.99,Inf,-96.69;
-126.44,-119.98,-110.65,-100.95,-103.00,-82.35,-93.68,Inf}
 KOMONDOR SIMULATION 'sim_input_nodes_sce2a_deployment_35.csv' (seed 1992)
{239.16,44.47,33.87,21.12,23.50,47.00,48.38,20.81,123.57,21.27,30.80,8.83,30.18,32.49,69.27,2.23,18.36,26.11,9.14,0.69,12.75,41.16,8.14,3.00,6.22,5.30,4.84,4.38,1.23,1.31,4.68,2.07,69.43,10.29,9.14,12.13,9.45,12.98,6.53,2.84,4.61,1.46,63.11,7.83,20.43,4.15,18.82,6.05,5.84,116.43,21.58,11.90,15.44,21.73,8.60,18.66,18.51,104.60,5.75,10.29,14.13,12.52,10.53,12.90,5.76,13.36,13.06,6.30}
{0.46,19.59,0.85,22.53,27.08,8.41,33.33,30.52}
{Inf,-68.83,-62.85,-68.33,-69.41,-58.33,-57.99,-67.22,Inf,-59.26,-63.08,-65.21,-60.08,-60.74,Inf,-70.63,-67.38,-59.81,-67.63,-71.37,-66.95,Inf,-60.40,-62.79,-62.45,-67.32,-68.18,-58.93,-68.41,-67.72,-59.84,-64.94,Inf,-64.07,-64.69,-58.74,-61.36,-57.38,-67.40,-66.17,-68.05,-68.10,Inf,-67.58,-57.83,-68.18,-62.89,-67.23,-67.97,Inf,-60.54,-66.70,-54.65,-56.08,-64.83,-62.62,-67.48,Inf,-63.50,-56.26,-54.68,-53.86,-63.05,-55.28,-64.61,-53.04,-58.56,-64.03}
{Inf,-93.68,-85.36,-99.99,-103.96,-113.66,-122.99,-126.44;
-96.69,Inf,-103.00,-82.35,-113.66,-103.96,-129.45,-119.98;
-85.36,-99.99,Inf,-93.68,-82.35,-99.99,-103.96,-110.65;
-103.00,-82.35,-96.69,Inf,-99.99,-82.35,-113.66,-100.95;
-106.97,-113.66,-85.36,-99.99,Inf,-93.68,-82.35,-96.98;
-116.67,-103.96,-103.00,-82.35,-93.68,Inf,-99.99,-79.34;
-126.00,-129.45,-106.97,-113.66,-82.35,-99.99,Inf,-90.67;
-132.46,-122.99,-116.67,-103.96,-99.99,-82.35,-93.68,Inf}
 KOMONDOR SIMULATION 'sim_input_nodes_sce2a_deployment_36.csv' (seed 1992)
{142.93,25.34,22.96,22.89,18.54,9.90,21.96,21.34,81.87,1.74,10.21,12.21,11.37,10.08,8.41,1.50,12.44,13.90,108.35,25.19,24.73,16.55,20.86,7.20,13.82,129.18,0.69,20.97,23.58,6.84,23.73,0.00,3.76,22.43,0.61,26.57,126.64,16.82,16.28,19.05,16.05,13.21,2.53,16.97,8.99,16.74,105.37,2.69,3.69,14.59,1.92,17.05,17.13,16.44,25.57,6.30,125.95,23.73,1.61,23.50,23.42,24.50,2.30,16.28,10.60,190.46,3.76,27.34,8.37,5.53,22.04,24.81,23.42,25.19,26.34,23.65}
{0.22,34.10,1.89,1.97,15.01,1.96,2.09,2.23}
{Inf,-47.57,-46.17,-57.10,-61.24,-65.09,-46.15,-60.35,Inf,-64.80,-55.10,-54.25,-55.51,-64.71,-63.47,-62.73,-56.50,-58.80,Inf,-55.84,-57.00,-62.46,-62.98,-64.86,-65.28,Inf,-67.13,-59.38,-58.45,-67.94,-69.49,-71.35,-69.05,-69.26,-67.74,-52.50,Inf,-63.54,-64.98,-67.42,-64.60,-55.45,-66.97,-63.74,-67.52,-65.89,Inf,-70.29,-68.70,-64.25,-70.39,-62.04,-62.26,-64.89,-59.87,-70.65,Inf,-65.07,-68.40,-54.11,-56.43,-62.77,-68.25,-64.20,-65.77,Inf,-70.84,-63.62,-67.96,-70.66,-66.92,-66.26,-64.92,-64.21,-59.62,-68.09}
{Inf,-90.67,-79.34,-103.00,-103.96,-116.67,-122.99,-132.46;
-90.67,Inf,-96.98,-85.36,-113.66,-106.97,-129.45,-126.00;
-79.34,-96.98,Inf,-96.69,-82.35,-103.00,-103.96,-116.67;
-96.98,-79.34,-90.67,Inf,-99.99,-85.36,-113.66,-106.97;
-100.95,-110.65,-79.34,-103.00,Inf,-96.69,-82.35,-103.00;
-110.65,-100.95,-96.98,-85.36,-93.68,Inf,-99.99,-85.36;
-119.98,-126.44,-100.95,-116.67,-82.35,-103.00,Inf,-96.69;
-126.44,-119.98,-110.65,-106.97,-99.99,-85.36,-93.68,Inf}
 KOMONDOR SIMULATION 'sim_input_nodes_sce2a_deployment_37.csv' (seed 1992)
{86.94,12.79,16.55,13.68,18.20,13.61,12.11,127.71,12.84,16.97,15.44,15.39,17.28,12.59,14.57,9.26,13.38,36.79,6.60,3.00,9.52,4.76,9.37,3.53,137.70,27.88,18.97,26.73,16.36,27.42,20.35,134.86,15.51,28.49,29.34,10.14,17.43,17.59,15.13,1.23,53.45,7.30,3.00,8.83,7.30,2.61,7.60,3.38,7.45,3.38,2.61,107.28,10.94,10.81,7.93,11.49,11.01,12.13,9.64,13.82,6.43,13.06,89.55,10.37,15.13,12.60,9.83,19.58,22.04}
{18.14,0.00,19.54,9.01,0.00,32.78,25.80,42.19}
{Inf,-63.84,-61.38,-64.32,-51.79,-60.18,-63.35,Inf,-64.16,-53.95,-54.52,-62.76,-56.43,-59.86,-60.20,-65.36,-64.01,Inf,-63.16,-62.72,-45.61,-65.00,-50.79,-66.42,Inf,-59.23,-67.11,-66.85,-67.51,-63.56,-54.64,Inf,-68.42,-68.43,-68.35,-68.80,-69.27,-65.71,-69.66,-70.42,Inf,-64.07,-62.51,-56.18,-62.21,-60.85,-58.10,-60.58,-62.58,-66.14,-62.04,Inf,-59.70,-59.18,-63.71,-59.73,-62.34,-57.83,-62.38,-51.54,-63.70,-42.01,Inf,-64.85,-58.17,-60.10,-62.31,-68.12,-66.04}
{Inf,-90.67,-82.35,-99.99,-106.97,-113.66,-119.98,-129.45;
-90.67,Inf,-99.99,-82.35,-116.67,-103.96,-126.44,-122.99;
-79.34,-96.98,Inf,-93.68,-85.36,-99.99,-100.95,-113.66;
-96.98,-79.34,-93.68,Inf,-103.00,-82.35,-110.65,-103.96;
-100.95,-110.65,-82.35,-99.99,Inf,-93.68,-79.34,-99.99;
-110.65,-100.95,-99.99,-82.35,-96.69,Inf,-96.98,-82.35;
-119.98,-126.44,-103.96,-113.66,-85.36,-99.99,Inf,-93.68;
-126.44,-119.98,-113.66,-103.96,-103.00,-82.35,-90.67,Inf}
 KOMONDOR SIMULATION 'sim_input_nodes_sce2a_deployment_38.csv' (seed 1992)
{108.13,11.56,16.89,21.96,17.52,22.89,17.31,125.71,13.41,12.44,11.56,11.10,12.45,12.59,15.13,12.72,13.34,10.98,103.58,10.06,14.28,16.35,12.21,11.75,8.58,12.75,13.98,3.61,188.24,17.59,22.20,21.89,18.28,19.20,20.97,21.66,9.60,18.82,18.05,28.95,4.15,4.07,14.52,4.38,1.84,27.88,0.23,17.82,0.00,3.15,6.68,149.91,19.66,20.97,23.73,20.20,14.82,5.68,24.73,20.12,156.29,9.75,8.37,20.35,14.67,18.74,9.52,20.58,11.21,22.50,20.58}
{9.89,0.00,27.15,3.15,23.08,12.25,3.56,1.66}
{Inf,-60.75,-61.40,-58.08,-64.30,-44.41,-61.46,Inf,-61.44,-53.68,-63.96,-64.28,-63.82,-61.18,-54.19,-63.91,-63.95,-64.25,Inf,-63.34,-52.08,-63.51,-58.32,-63.80,-68.01,-57.99,-61.64,-67.19,Inf,-62.16,-47.43,-67.70,-67.92,-55.03,-62.26,-60.72,-65.72,-62.32,-65.14,Inf,-65.07,-65.82,-62.45,-66.22,-67.96,Inf,-69.69,-60.03,-68.65,-68.25,-62.39,Inf,-67.75,-66.36,-57.33,-67.82,-62.98,-67.57,-64.91,-60.96,Inf,-68.40,-66.69,-50.88,-61.25,-60.00,-65.42,-48.11,-68.21,-65.37,-47.73}
{Inf,-90.67,-82.35,-99.99,-103.96,-116.67,-122.99,-129.45;
-90.67,Inf,-99.99,-82.35,-113.66,-106.97,-129.45,-122.99;
-79.34,-96.98,Inf,-93.68,-82.35,-103.00,-103.96,-113.66;
-96.98,-79.34,-93.68,Inf,-99.99,-85.36,-113.66,-103.96;
-100.95,-110.65,-82.35,-99.99,Inf,-96.69,-82.35,-99.99;
-110.65,-100.95,-99.99,-82.35,-93.68,Inf,-99.99,-82.35;
-119.98,-126.44,-103.96,-113.66,-82.35,-103.00,Inf,-93.68;
-126.44,-119.98,-113.66,-103.96,-99.99,-85.36,-93.68,Inf}
 KOMONDOR SIMULATION 'sim_input_nodes_sce2a_deployment_39.csv' (seed 1992)
{98.68,28.65,27.96,28.26,11.35,2.46,122.27,3.76,29.72,30.26,2.23,29.41,0.08,2.76,24.04,146.92,44.31,2.92,2.69,47.85,49.15,95.96,10.19,6.22,2.92,5.06,20.89,23.65,5.75,21.27,38.79,12.11,14.90,0.00,0.14,10.21,0.00,1.44,64.79,17.85,0.60,13.52,8.96,5.81,18.05,269.72,43.93,44.24,43.47,42.16,43.16,2.92,46.77,3.07,141.60,13.82,14.36,14.67,13.26,15.97,14.21,13.34,14.50,13.41,14.05}
{2.50,0.33,0.58,5.02,66.14,39.64,0.00,0.11}
{Inf,-52.78,-55.64,-52.96,-61.62,-63.79,Inf,-70.58,-67.23,-60.52,-70.69,-56.88,-70.74,-69.83,-65.15,Inf,-60.38,-64.07,-70.45,-69.80,-55.88,Inf,-64.14,-66.18,-67.30,-66.66,-57.34,-58.58,-65.85,-60.61,Inf,-60.65,-53.94,-62.59,-59.26,-58.69,-64.69,-62.38,Inf,-61.85,-64.43,-57.68,-64.00,-64.01,-57.76,Inf,-60.07,-61.05,-63.00,-67.60,-61.01,-68.69,-57.83,-68.07,Inf,-56.95,-61.05,-50.51,-64.85,-50.20,-58.88,-61.37,-62.90,-62.92,-58.60}
{Inf,-96.69,-85.36,-99.99,-100.95,-110.65,-126.00,-126.44;
-90.67,Inf,-103.00,-82.35,-110.65,-100.95,-132.46,-119.98;
-79.34,-103.00,Inf,-93.68,-79.34,-96.98,-106.97,-110.65;
-96.98,-85.36,-96.69,Inf,-96.98,-79.34,-116.67,-100.95;
-100.95,-116.67,-85.36,-99.99,Inf,-90.67,-85.36,-96.98;
-110.65,-106.97,-103.00,-82.35,-90.67,Inf,-103.00,-79.34;
-119.98,-132.46,-106.97,-113.66,-79.34,-96.98,Inf,-90.67;
-126.44,-126.00,-116.67,-103.96,-96.98,-79.34,-96.69,Inf}
 KOMONDOR SIMULATION 'sim_input_nodes_sce2a_deployment_40.csv' (seed 1992)
{207.36,40.24,42.70,27.34,8.22,41.40,40.63,6.84,125.94,15.13,9.58,14.44,11.64,12.45,14.13,11.64,12.38,11.70,12.86,127.18,16.74,18.05,14.90,14.75,13.21,11.21,17.28,6.30,14.75,131.64,12.13,14.82,13.44,13.67,12.67,12.06,14.98,12.98,10.83,14.05,41.32,2.07,5.38,5.38,2.00,4.22,6.53,3.92,0.92,5.68,5.22,29.03,1.92,2.07,3.15,2.76,2.92,2.30,6.07,5.22,2.61,132.56,7.22,17.13,8.22,17.89,10.06,19.89,19.66,18.43,14.05,133.02,23.12,11.29,20.51,6.53,24.27,20.04,7.45,19.81}
{0.00,0.81,9.54,17.98,20.37,16.62,11.54,12.22}
{Inf,-67.60,-60.44,-68.10,-69.33,-69.80,-65.48,-67.53,Inf,-56.69,-62.70,-56.47,-64.82,-62.50,-49.64,-64.12,-63.03,-64.93,-60.77,Inf,-51.22,-57.04,-62.41,-62.92,-62.87,-67.93,-60.32,-68.07,-62.08,Inf,-59.81,-68.30,-65.16,-68.29,-66.00,-61.48,-66.16,-65.24,-56.80,-55.00,Inf,-67.58,-66.00,-64.55,-64.41,-67.03,-62.77,-66.29,-68.31,-59.16,-64.60,Inf,-65.42,-68.22,-66.79,-68.17,-62.79,-66.66,-62.07,-58.81,-64.05,Inf,-66.08,-57.88,-67.57,-60.44,-67.63,-60.00,-54.12,-61.33,-67.23,Inf,-62.04,-67.69,-56.67,-68.24,-55.61,-47.79,-68.00,-62.06}
{Inf,-90.67,-82.35,-99.99,-103.96,-113.66,-122.99,-129.45;
-96.69,Inf,-99.99,-82.35,-113.66,-103.96,-129.45,-122.99;
-85.36,-96.98,Inf,-93.68,-82.35,-99.99,-103.96,-113.66;
-103.00,-79.34,-93.68,Inf,-99.99,-82.35,-113.66,-103.96;
-106.97,-110.65,-82.35,-99.99,Inf,-93.68,-82.35,-99.99;
-116.67,-100.95,-99.99,-82.35,-93.68,Inf,-99.99,-82.35;
-126.00,-126.44,-103.96,-113.66,-82.35,-99.99,Inf,-93.68;
-132.46,-119.98,-113.66,-103.96,-99.99,-82.35,-93.68,Inf}
 KOMONDOR SIMULATION 'sim_input_nodes_sce2a_deployment_41.csv' (seed 1992)
{118.43,2.15,19.66,33.95,33.02,3.15,25.80,0.69,156.60,24.19,23.35,27.34,25.50,21.66,25.50,9.06,109.98,3.23,0.46,11.37,35.87,4.07,19.58,35.40,62.82,1.92,16.20,1.15,2.30,2.53,4.07,10.75,7.83,14.52,1.54,158.67,1.54,2.69,25.65,24.35,22.89,20.35,34.41,26.80,175.95,15.82,23.42,22.35,23.35,23.27,22.27,22.50,22.96,150.05,18.20,13.89,16.35,15.53,18.20,16.36,17.28,17.20,17.05,150.21,17.46,17.85,23.12,22.96,24.04,22.96,21.82}
{0.27,12.52,2.08,0.37,0.61,9.56,0.84,0.00}
{Inf,-71.44,-71.06,-58.58,-67.19,-69.18,-68.70,-71.34,Inf,-65.12,-64.66,-54.26,-57.37,-68.09,-51.00,-66.61,Inf,-70.55,-70.79,-65.60,-54.09,-67.74,-66.78,-62.20,Inf,-68.51,-59.99,-70.00,-69.56,-70.76,-65.83,-64.93,-66.10,-56.37,-68.02,Inf,-65.41,-69.47,-65.22,-63.26,-68.01,-69.68,-61.59,-64.68,Inf,-66.26,-66.05,-60.24,-63.55,-67.95,-48.99,-59.43,-68.24,Inf,-44.94,-61.97,-63.83,-63.06,-57.68,-56.00,-52.63,-57.53,-55.80,Inf,-64.27,-60.94,-50.01,-56.08,-55.58,-53.00,-63.19}
{Inf,-93.68,-85.36,-103.00,-106.97,-113.66,-119.98,-126.44;
-96.69,Inf,-103.00,-85.36,-116.67,-103.96,-126.44,-119.98;
-85.36,-99.99,Inf,-96.69,-85.36,-99.99,-100.95,-110.65;
-103.00,-82.35,-96.69,Inf,-103.00,-82.35,-110.65,-100.95;
-106.97,-113.66,-85.36,-103.00,Inf,-93.68,-79.34,-96.98;
-116.67,-103.96,-103.00,-85.36,-96.69,Inf,-96.98,-79.34;
-126.00,-129.45,-106.97,-116.67,-85.36,-99.99,Inf,-90.67;
-132.46,-122.99,-116.67,-106.97,-103.00,-82.35,-90.67,Inf}
 KOMONDOR SIMULATION 'sim_input_nodes_sce2a_deployment_42.csv' (seed 1992)
{137.22,17.17,15.32,17.28,15.82,10.08,12.52,16.82,16.20,16.01,290.46,42.16,40.24,43.93,39.40,35.71,44.62,44.39,106.23,9.44,10.19,9.96,10.38,13.52,14.44,13.44,12.04,12.83,72.55,19.05,3.60,8.39,5.79,35.73,21.96,0.69,0.84,0.61,0.00,0.92,3.30,4.76,2.38,1.69,6.76,39.06,14.21,4.68,6.22,5.70,3.63,4.62,287.69,41.70,41.40,43.55,43.01,37.25,33.64,47.16,193.04,23.33,24.24,22.85,22.02,22.20,25.19,25.65,27.57}
{1.00,0.64,29.09,1.23,21.39,41.95,0.07,0.71}
{Inf,-62.70,-61.35,-47.47,-53.23,-65.43,-62.16,-54.17,-56.28,-62.52,Inf,-67.50,-63.86,-64.67,-70.41,-61.45,-63.90,-69.98,Inf,-62.76,-60.65,-64.24,-64.68,-55.05,-55.67,-52.96,-59.49,-51.25,Inf,-61.91,-70.68,-68.11,-68.37,-66.53,Inf,-67.10,-66.90,-67.11,-66.51,-61.85,-61.44,-52.89,-66.59,-66.99,-54.69,Inf,-53.59,-64.49,-63.05,-64.36,-62.48,-64.97,Inf,-68.85,-62.32,-51.44,-67.65,-65.29,-66.00,-56.98,Inf,-63.87,-64.50,-63.76,-65.71,-61.77,-59.79,-54.23,-52.66}
{Inf,-96.69,-79.34,-103.00,-103.96,-110.65,-126.00,-129.45;
-90.67,Inf,-96.98,-85.36,-113.66,-100.95,-132.46,-122.99;
-79.34,-103.00,Inf,-96.69,-82.35,-96.98,-106.97,-113.66;
-96.98,-85.36,-90.67,Inf,-99.99,-79.34,-116.67,-103.96;
-100.95,-116.67,-79.34,-103.00,Inf,-90.67,-85.36,-99.99;
-110.65,-106.97,-96.98,-85.36,-93.68,Inf,-103.00,-82.35;
-119.98,-132.46,-100.95,-116.67,-82.35,-96.98,Inf,-93.68;
-126.44,-126.00,-110.65,-106.97,-99.99,-79.34,-96.69,Inf}
 KOMONDOR SIMULATION 'sim_input_nodes_sce2a_deployment_43.csv' (seed 1992)
{137.09,17.66,14.44,13.59,9.52,18.05,17.36,15.90,16.90,13.67,133.56,14.57,14.84,14.23,16.51,17.05,13.68,14.50,14.16,14.02,30.72,2.46,1.15,3.76,8.37,1.08,3.30,7.91,2.69,153.22,18.51,17.59,16.13,17.82,17.51,4.07,17.74,6.30,17.28,20.28,45.64,5.20,10.75,7.66,5.34,8.48,8.21,82.18,3.92,2.07,1.69,3.53,26.04,25.73,18.89,0.31,62.08,6.02,6.84,7.60,7.22,6.50,6.29,7.39,7.32,6.91,69.75,7.07,13.38,3.21,16.74,15.46,3.97,9.92}
{13.28,-0.00,19.99,20.23,14.47,0.88,5.76,23.18}
{Inf,-61.51,-57.09,-66.84,-66.76,-58.06,-66.35,-64.44,-67.74,-64.18,Inf,-61.37,-61.68,-62.86,-49.97,-40.17,-63.82,-62.67,-60.85,-60.29,Inf,-66.70,-66.40,-66.48,-61.95,-68.36,-59.26,-63.86,-68.01,Inf,-62.12,-52.14,-64.54,-64.65,-56.18,-64.45,-66.57,-68.07,-63.17,-66.46,Inf,-65.16,-58.43,-62.21,-61.76,-63.76,-61.88,Inf,-64.39,-66.65,-69.53,-70.70,-55.60,-48.76,-64.06,-66.94,Inf,-63.96,-57.20,-58.31,-57.52,-63.01,-60.35,-60.73,-60.06,-60.90,Inf,-58.40,-64.84,-62.13,-56.64,-61.87,-65.33,-63.79}
{Inf,-90.67,-82.35,-99.99,-100.95,-116.67,-119.98,-126.44;
-93.68,Inf,-99.99,-82.35,-110.65,-106.97,-126.44,-119.98;
-82.35,-96.98,Inf,-93.68,-79.34,-103.00,-100.95,-110.65;
-99.99,-79.34,-93.68,Inf,-96.98,-85.36,-110.65,-100.95;
-103.96,-110.65,-82.35,-99.99,Inf,-96.69,-79.34,-96.98;
-113.66,-100.95,-99.99,-82.35,-90.67,Inf,-96.98,-79.34;
-122.99,-126.44,-103.96,-113.66,-79.34,-103.00,Inf,-90.67;
-129.45,-119.98,-113.66,-103.96,-96.98,-85.36,-90.67,Inf}
 KOMONDOR SIMULATION 'sim_input_nodes_sce2a_deployment_44.csv' (seed 1992)
{175.26,21.58,17.66,21.12,20.89,21.27,20.04,13.98,16.74,21.96,117.92,25.80,25.58,26.33,15.78,24.42,97.26,21.61,23.32,5.54,25.57,21.20,128.71,15.28,17.36,13.27,11.46,14.50,14.16,13.41,15.32,13.95,55.68,0.77,3.30,0.61,1.00,25.27,1.15,0.31,23.27,66.45,12.06,4.38,11.70,2.46,1.16,13.82,6.78,14.09,151.14,43.93,42.55,3.00,40.70,20.97,155.17,0.36,1.37,52.15,47.23,54.07}
{0.00,0.11,18.56,0.11,29.48,37.41,2.54,0.00}
{Inf,-65.22,-52.14,-61.31,-67.02,-64.10,-65.87,-67.77,-67.24,-65.19,Inf,-55.43,-59.31,-61.95,-64.48,-61.61,Inf,-60.46,-63.20,-63.23,-58.79,-62.34,Inf,-52.63,-56.21,-59.35,-64.83,-61.41,-61.43,-59.47,-63.42,-62.82,Inf,-67.25,-64.40,-68.22,-65.22,-64.01,-70.55,-70.53,-55.16,Inf,-50.83,-65.28,-59.25,-57.86,-59.72,-58.43,-64.73,-61.50,Inf,-50.94,-58.90,-66.78,-60.62,-65.98,Inf,-62.22,-65.62,-65.94,-57.91,-47.56}
{Inf,-90.67,-79.34,-96.98,-106.97,-110.65,-122.99,-129.45;
-93.68,Inf,-96.98,-79.34,-116.67,-100.95,-129.45,-122.99;
-82.35,-96.98,Inf,-90.67,-85.36,-96.98,-103.96,-113.66;
-99.99,-79.34,-90.67,Inf,-103.00,-79.34,-113.66,-103.96;
-103.96,-110.65,-79.34,-96.98,Inf,-90.67,-82.35,-99.99;
-113.66,-100.95,-96.98,-79.34,-96.69,Inf,-99.99,-82.35;
-122.99,-126.44,-100.95,-110.65,-85.36,-96.98,Inf,-93.68;
-129.45,-119.98,-110.65,-100.95,-103.00,-79.34,-93.68,Inf}
 KOMONDOR SIMULATION 'sim_input_nodes_sce2a_deployment_45.csv' (seed 1992)
{193.69,17.43,21.96,18.43,21.20,19.12,19.12,21.58,19.51,20.35,14.98,147.19,26.65,22.64,23.94,26.88,21.89,25.19,119.05,19.49,24.04,15.12,19.43,20.79,20.18,83.37,8.07,14.21,11.49,12.24,5.75,7.20,6.54,12.11,5.76,187.85,2.38,25.57,11.90,35.56,2.07,38.78,71.58,31.87,7.91,0.08,0.15,10.75,1.31,9.14,2.53,283.47,15.97,31.95,24.81,34.94,35.56,30.87,22.43,36.25,34.87,15.82,165.89,27.49,21.12,26.19,25.04,25.19,19.58,21.27}
{0.30,0.00,0.81,17.03,1.95,11.59,2.00,15.99}
{Inf,-65.84,-49.00,-60.48,-67.39,-64.76,-61.46,-65.80,-65.24,-54.81,-68.37,Inf,-53.19,-63.83,-63.21,-52.57,-60.19,-54.10,Inf,-59.69,-54.22,-59.14,-63.45,-63.69,-61.60,Inf,-60.47,-56.17,-63.36,-61.64,-65.22,-64.93,-64.64,-62.24,-64.14,Inf,-69.61,-60.48,-66.31,-57.39,-68.98,-56.97,-67.83,Inf,-63.12,-70.86,-70.13,-58.15,-62.45,-51.27,-67.62,Inf,-66.43,-66.38,-62.87,-50.22,-53.62,-67.27,-65.54,-53.03,-60.09,-70.13,Inf,-53.64,-63.32,-66.35,-60.98,-67.67,-65.11,-63.57}
{Inf,-90.67,-79.34,-96.98,-106.97,-116.67,-126.00,-129.45;
-93.68,Inf,-96.98,-79.34,-116.67,-106.97,-132.46,-122.99;
-82.35,-96.98,Inf,-90.67,-85.36,-103.00,-106.97,-113.66;
-99.99,-79.34,-90.67,Inf,-103.00,-85.36,-116.67,-103.96;
-103.96,-110.65,-79.34,-96.98,Inf,-96.69,-85.36,-99.99;
-113.66,-100.95,-96.98,-79.34,-96.69,Inf,-103.00,-82.35;
-122.99,-126.44,-100.95,-110.65,-85.36,-103.00,Inf,-93.68;
-129.45,-119.98,-110.65,-100.95,-103.00,-85.36,-96.69,Inf}
 KOMONDOR SIMULATION 'sim_input_nodes_sce2a_deployment_46.csv' (seed 1992)
{111.82,15.59,13.44,17.20,13.13,13.29,8.06,8.76,16.13,6.22,125.13,32.64,23.40,12.04,26.95,30.11,53.30,3.23,9.60,9.68,10.14,8.91,3.30,8.45,235.47,62.28,51.23,2.15,70.50,49.31,97.38,21.81,5.84,20.89,5.68,5.99,20.51,16.67,47.57,5.61,11.90,0.96,1.23,2.30,11.90,0.68,12.98,125.96,14.98,14.02,8.66,12.79,3.97,12.86,14.82,15.36,13.06,15.44,225.48,28.57,32.87,0.92,28.65,21.12,25.34,32.41,0.84,25.65,29.11}
{15.14,2.55,48.84,0.00,30.37,67.06,0.77,0.00}
{Inf,-62.54,-52.49,-61.53,-67.41,-68.35,-67.32,-62.09,-54.13,-64.65,Inf,-50.48,-64.17,-65.05,-63.42,-42.04,Inf,-61.95,-63.03,-54.38,-54.62,-59.38,-62.84,-62.54,Inf,-55.82,-62.85,-68.66,-56.09,-69.54,Inf,-56.92,-68.27,-67.85,-66.57,-66.11,-45.70,-56.80,Inf,-59.70,-42.30,-61.89,-63.17,-57.62,-56.84,-59.62,-47.87,Inf,-44.21,-61.10,-65.29,-61.34,-62.94,-59.02,-55.89,-57.68,-60.90,-53.72,Inf,-70.17,-54.33,-69.47,-65.24,-69.41,-60.83,-65.34,-68.02,-64.70,-60.14}
{Inf,-90.67,-82.35,-103.00,-103.96,-110.65,-119.98,-132.46;
-93.68,Inf,-99.99,-85.36,-113.66,-100.95,-126.44,-126.00;
-82.35,-96.98,Inf,-96.69,-82.35,-96.98,-100.95,-116.67;
-99.99,-79.34,-93.68,Inf,-99.99,-79.34,-110.65,-106.97;
-103.96,-110.65,-82.35,-103.00,Inf,-90.67,-79.34,-103.00;
-113.66,-100.95,-99.99,-85.36,-93.68,Inf,-96.98,-85.36;
-122.99,-126.44,-103.96,-116.67,-82.35,-96.98,Inf,-96.69;
-129.45,-119.98,-113.66,-106.97,-99.99,-79.34,-90.67,Inf}
 KOMONDOR SIMULATION 'sim_input_nodes_sce2a_deployment_47.csv' (seed 1992)
{201.52,32.18,31.26,31.33,30.80,28.72,18.20,29.03,200.91,30.26,32.26,0.69,19.81,25.11,32.72,18.97,27.19,13.90,132.03,28.34,26.81,25.72,29.26,21.90,84.33,11.60,9.91,6.76,9.98,7.68,13.36,3.46,9.75,11.83,30.84,6.63,0.09,4.45,6.91,0.00,11.29,1.38,0.09,155.37,40.01,30.95,7.83,38.48,38.09,241.00,38.40,36.79,34.71,0.46,39.24,24.65,29.11,0.15,37.48,98.01,10.21,18.74,19.56,19.22,17.46,12.81}
{1.29,1.30,0.11,38.25,45.56,4.63,0.00,1.84}
{Inf,-46.41,-62.57,-63.15,-65.16,-52.81,-67.24,-66.60,Inf,-64.96,-59.85,-70.06,-68.23,-67.09,-54.37,-66.98,-68.94,-66.93,Inf,-56.79,-59.75,-63.21,-57.23,-64.69,Inf,-58.66,-63.06,-60.08,-60.84,-67.23,-58.26,-61.33,-59.98,-53.02,Inf,-62.61,-65.24,-63.25,-60.89,-63.74,-63.12,-59.01,-65.25,Inf,-59.40,-66.32,-66.16,-53.70,-57.26,Inf,-53.64,-64.12,-67.49,-70.72,-63.87,-65.24,-67.45,-66.26,-55.73,Inf,-65.28,-61.59,-62.32,-61.34,-64.33,-65.10}
{Inf,-96.69,-79.34,-99.99,-100.95,-113.66,-126.00,-126.44;
-93.68,Inf,-96.98,-82.35,-110.65,-103.96,-132.46,-119.98;
-82.35,-103.00,Inf,-93.68,-79.34,-99.99,-106.97,-110.65;
-99.99,-85.36,-90.67,Inf,-96.98,-82.35,-116.67,-100.95;
-103.96,-116.67,-79.34,-99.99,Inf,-93.68,-85.36,-96.98;
-113.66,-106.97,-96.98,-82.35,-90.67,Inf,-103.00,-79.34;
-122.99,-132.46,-100.95,-113.66,-79.34,-99.99,Inf,-90.67;
-129.45,-126.00,-110.65,-103.96,-96.98,-82.35,-96.69,Inf}
 KOMONDOR SIMULATION 'sim_input_nodes_sce2a_deployment_48.csv' (seed 1992)
{92.58,7.60,12.04,9.78,9.00,9.91,7.91,7.02,11.42,7.68,10.21,96.47,18.06,20.73,13.41,13.82,16.74,13.73,24.35,4.15,3.00,2.00,4.30,1.61,4.68,1.69,1.77,1.15,132.16,24.12,18.54,23.87,25.57,18.24,21.82,181.71,18.97,18.36,21.50,18.43,18.28,17.82,17.66,17.97,18.97,13.75,135.78,32.56,28.88,32.49,34.56,7.30,115.39,14.58,14.22,17.65,16.35,20.18,17.44,14.98,78.72,19.43,12.75,17.13,6.07,2.53,16.97,3.84}
{18.64,0.00,19.81,0.00,7.52,39.98,0.00,43.64}
{Inf,-56.02,-59.97,-63.91,-64.86,-57.72,-58.02,-65.16,-63.98,-49.73,-57.20,Inf,-61.97,-63.96,-65.21,-65.32,-64.36,-65.16,Inf,-59.76,-66.88,-67.72,-66.80,-67.57,-52.36,-64.89,-63.04,-61.35,Inf,-55.56,-59.89,-59.44,-56.25,-64.23,-60.22,Inf,-57.84,-63.16,-59.46,-67.61,-46.87,-57.34,-66.25,-56.55,-63.90,-65.26,Inf,-50.57,-61.49,-57.75,-53.15,-62.16,Inf,-64.41,-64.48,-62.49,-61.76,-63.91,-63.16,-61.97,Inf,-65.68,-61.64,-61.92,-67.22,-64.47,-67.07,-60.08}
{Inf,-90.67,-82.35,-96.98,-103.96,-113.66,-119.98,-129.45;
-90.67,Inf,-99.99,-79.34,-113.66,-103.96,-126.44,-122.99;
-79.34,-96.98,Inf,-90.67,-82.35,-99.99,-100.95,-113.66;
-96.98,-79.34,-93.68,Inf,-99.99,-82.35,-110.65,-103.96;
-100.95,-110.65,-82.35,-96.98,Inf,-93.68,-79.34,-99.99;
-110.65,-100.95,-99.99,-79.34,-93.68,Inf,-96.98,-82.35;
-119.98,-126.44,-103.96,-110.65,-82.35,-99.99,Inf,-93.68;
-126.44,-119.98,-113.66,-100.95,-99.99,-82.35,-90.67,Inf}
 KOMONDOR SIMULATION 'sim_input_nodes_sce2a_deployment_49.csv' (seed 1992)
{176.72,2.84,2.92,20.81,18.66,31.87,3.30,35.79,36.56,23.96,124.37,17.59,17.05,16.42,16.21,14.77,17.43,11.63,13.27,123.34,21.12,8.37,12.36,15.90,17.59,30.57,17.43,66.74,8.29,2.53,3.61,8.99,8.45,8.29,8.37,9.06,9.14,123.18,17.59,12.79,10.06,13.34,9.92,16.82,14.02,14.43,14.21,102.26,16.68,16.55,13.32,16.14,21.50,18.06,220.57,24.12,22.58,22.35,21.73,20.28,20.74,23.96,23.12,22.35,19.35,150.18,26.50,26.57,27.26,28.49,16.19,25.17}
{1.27,1.61,0.18,16.59,16.89,9.86,0.39,-0.00}
{Inf,-68.74,-68.16,-63.95,-66.56,-63.65,-68.21,-54.39,-65.45,-61.84,Inf,-58.71,-53.21,-60.94,-61.51,-60.62,-57.97,-62.11,-62.25,Inf,-70.02,-67.40,-67.40,-65.41,-66.21,-69.09,-64.26,Inf,-65.12,-67.82,-67.67,-50.92,-67.23,-55.66,-64.72,-60.90,-63.76,Inf,-55.53,-62.47,-58.65,-63.04,-63.62,-45.78,-60.77,-64.01,-47.06,Inf,-64.33,-60.05,-64.60,-61.87,-51.75,-61.19,Inf,-53.12,-64.26,-64.11,-64.35,-65.76,-59.70,-65.13,-62.19,-57.52,-60.85,Inf,-55.10,-55.82,-52.22,-51.58,-65.28,-63.94}
{Inf,-90.67,-85.36,-99.99,-100.95,-110.65,-122.99,-126.44;
-96.69,Inf,-103.00,-82.35,-110.65,-100.95,-129.45,-119.98;
-85.36,-96.98,Inf,-93.68,-79.34,-96.98,-103.96,-110.65;
-103.00,-79.34,-96.69,Inf,-96.98,-79.34,-113.66,-100.95;
-106.97,-110.65,-85.36,-99.99,Inf,-90.67,-82.35,-96.98;
-116.67,-100.95,-103.00,-82.35,-90.67,Inf,-99.99,-79.34;
-126.00,-126.44,-106.97,-113.66,-79.34,-96.98,Inf,-90.67;
-132.46,-119.98,-116.67,-103.96,-96.98,-79.34,-93.68,Inf}
